"scenario","Year","ACCESS.ESM1.5","AWI.CM.1.1.MR","BCC.CSM2.MR","CanESM5","CNRM.CM6.1","CNRM.ESM2.1","EC.Earth3","GFDL.ESM4","GISS.E2.1.G","HadGEM3.GC31.LL","INM.CM5.0","IPSL.CM6A.LR","MIROC.ES2L","MIROC6","MPI.ESM1.2.HR","MPI.ESM1.2.LR","MRI.ESM2.0","NESM3","UKESM1.0.LL","ensemble"
"historical",1850,-0.6,-7.6,-3.8,-4.5,0.1,1,NA,-1.1,-1.3,-1.4,-4,-6.9,-0.1,-4.2,-3.8,-5.8,0,-5.1,-1.4,-7.6
"historical",1851,-0.5,-7.7,-7.4,-3.8,-0.9,-0.3,-5.7,-3.1,-0.8,-1.7,-4.5,-5.6,-0.5,-2.6,-1.4,-4.8,0.1,-3.7,-3.6,-7.7
"historical",1852,-0.6,-8.5,-4.8,-4,-3,-1.4,-3.2,0.6,-4.4,-4.2,-4,-6.9,0.8,-4.1,-5,-4.9,-0.9,-6.4,-2.8,-8.5
"historical",1853,0.4,-2.7,-6.1,-5.9,-6.2,2.1,-4.5,-0.4,-4.1,-3.1,-8.7,-3.4,1.5,-2.6,-4.1,-7.1,-2.5,-1.4,-2.2,-8.7
"historical",1854,-1.7,-2.4,-0.6,-3.9,0.8,-2.6,-3.2,-3.8,-2.9,-4.9,-3.1,-5.8,1.8,-4.2,-2,-9.9,-1.7,-3.9,-3,-9.9
"historical",1855,-2.4,-9.5,-3.4,-4.9,1,0.1,-4,-1.6,-2,-0.6,-6.2,-3.6,2.1,-5.5,0.4,-5.1,-4.3,-1.4,-4.8,-9.5
"historical",1856,-0.3,-4.8,-1.8,-2.2,-0.2,0.9,-4.1,-0.1,-2.8,-0.7,-4.1,-4.3,4.1,-2.6,-1.4,-4.8,-2.4,-3.7,-4.4,-4.8
"historical",1857,-1.3,-5.3,-2.1,-4.4,-0.2,-3.4,-5.1,-1.9,-4.1,-1.2,-3.2,-6.6,0.7,-3,-0.1,-5.7,-1.5,-5.3,-4.9,-6.6
"historical",1858,-2,-16.9,-3.3,-3.9,0.5,-1,-3.2,0.5,-1,-2.6,-4.9,-5,1.2,-4,-0.1,-4.6,-0.5,-7.7,-2.2,-16.9
"historical",1859,-2.5,-8.5,-6.6,-4.4,-1.6,1.7,-5.3,0.1,-5.1,-1.9,-6.6,-5.3,2.1,-2.6,-4.1,-6.5,0.3,-6.1,-3.5,-8.5
"historical",1860,-2.3,-3.4,-1.8,-2.9,-2.9,-0.2,-2.7,-0.1,-5.8,-0.5,-4.4,-6.8,3.6,-6.7,-7,-7.1,0.5,-4.2,-3.4,-7.1
"historical",1861,-2.7,-5.2,-2.4,-3.4,-1.7,0.9,-5.7,-2.1,-2,-3.6,-2.8,-2.8,1.7,-2.4,-6.3,-7.7,0.5,-4.4,-4.5,-7.7
"historical",1862,-1.2,-6.6,-5.7,-4,0.7,-0.6,-3.4,0,-1.4,-3,-4.6,-3,4.8,-3.6,-3.4,-9,-1.3,-3.1,-5.6,-9
"historical",1863,-1.8,-7.1,-4.3,-6,-2.4,0.6,-0.4,-0.7,-3.5,-1.5,-2.7,-4.1,0,-3.6,-2.6,-9.1,-0.4,-8,-2.4,-9.1
"historical",1864,-0.9,-9.1,-1.5,-4.4,-1.4,0.4,-3.5,-2.9,-1.4,-6.8,-3,-6.2,0.9,-3.3,-1.5,-5.3,-1.8,-3.3,-3.6,-9.1
"historical",1865,-1.3,-6.6,-5.1,-5.6,0.6,-1.4,-3.5,-0.1,-4.3,-2.4,-3.5,-4,3.4,-1.6,-4.6,-7.7,-1.7,-6.7,-3.7,-7.7
"historical",1866,-0.9,-3.1,-5.1,-7.6,-0.8,-1.2,-5.1,-2.5,-2.7,-0.9,-5.8,-8.1,1.4,-2.9,-3.1,-3.4,-2.2,-4.4,-3.9,-8.1
"historical",1867,-0.5,-3.4,-1.9,-5.9,-2.3,1.3,-2.7,0.7,-1.9,-3.2,-6.3,-8,1.1,-1.8,-2,-10.5,-3.7,-4.4,-3.7,-10.5
"historical",1868,-0.4,-2.4,-5.9,-5.9,-0.6,0.1,-1.8,-1.5,-5.7,-3.7,-4.7,-3.5,0.1,-4.5,-2.1,-4.6,-8.2,-8.4,-5.9,-8.4
"historical",1869,-0.7,-2.9,-3.4,-3.8,0,2.2,-3,0.1,-2.8,-2.8,-3,-4.6,1.5,0.9,-3.7,-6,-2.8,-3.5,-3.2,-6
"historical",1870,-0.7,-9.1,-2.6,-4.3,-2.5,-0.7,-4.8,0.4,-4.5,-1.7,-4.3,-4.8,1.2,-2.5,-1.9,-4.9,0,-6.1,-2.8,-9.1
"historical",1871,-1.4,-5.5,-1.4,-3.2,-3.6,0.4,-1.1,0.6,-3.5,-7.5,-6.6,-5.2,-0.7,-5.1,-3,-6,-0.7,-3.6,-4.5,-7.5
"historical",1872,-2.6,-6.5,-2.3,-6.4,0.4,-0.4,-2.6,-0.1,-1.4,-3.2,-4.7,-3.1,1.8,-2,-2.8,-6.6,-1,-2.7,-2.4,-6.6
"historical",1873,-1.2,-2.9,-1.8,-5.3,-2.2,1,-0.9,-1.4,-4.9,-1.6,-5.6,-7.4,2.8,-1.5,-2.9,-6.8,-2.1,-3.1,-0.6,-7.4
"historical",1874,-0.3,-6.3,0.4,-5.6,0.3,1,-3.1,-0.2,-5,-4.5,-6.3,-6.5,0.8,-1.2,-2.2,-10.4,-0.5,-6.8,-3.3,-10.4
"historical",1875,-2.2,-7.4,-4.8,-1.4,-1.8,-0.5,-6.3,-0.8,-2,-6.9,-2.7,-3.6,2.8,-3.1,-3.7,-5.7,-3.5,-3.9,-2.3,-7.4
"historical",1876,-2.2,-2.8,-0.2,-3.4,-2,0.3,-4.1,-1.4,-3.7,-4.1,-3.2,-6.5,3.9,-4.8,0.8,-4.8,-0.4,-6.2,-1.5,-6.5
"historical",1877,-0.6,-1.3,-4.1,-5.2,-2.1,-2.9,-3.8,0.1,-2.6,-1.5,-4.6,-3.1,1.8,-3.9,-3.4,-4.5,1.4,-5.7,-5,-5.7
"historical",1878,-1,-6.6,-3.1,-7.1,-2.3,1.1,-3.9,-1.9,-3.9,-2.9,-4.3,-4.5,1.2,-3.9,-3.5,-4.8,-5,-4.2,-3.6,-7.1
"historical",1879,-1.1,-1.2,-2.6,-4.9,0.6,-1.9,-3.7,0.3,-2.8,-2.5,-3,-4.2,-2.5,-0.7,-4.6,-5.8,0.7,-2.3,-4.6,-5.8
"historical",1880,-0.2,-5.9,-2.7,-5.8,0.9,-1,-2.6,0.5,-1.7,-0.9,-6.3,-4.8,2.5,-1.7,-5.5,-5.4,-0.3,-3.1,-4.9,-6.3
"historical",1881,-1.1,1.3,-4.6,-4.1,-2.1,1.2,-3.5,-0.6,-2.8,-2.3,-7,-4.3,1.8,-5.1,0,-5.1,-2.1,-4.3,-2.3,-7
"historical",1882,-1.4,-3.1,-4.3,-2.2,-1.1,0.8,-3.9,-1.2,-5.1,-1.2,-5.4,-6.9,0.9,-3,-3.5,-5.5,0.5,-4.4,-1.7,-6.9
"historical",1883,-1.7,-7.4,-2.4,-3.3,-0.1,0.3,-3.5,-0.7,-1.6,-3.7,-6.7,-2.8,-2,-3.8,-1.3,-6,-1.5,-3.2,-2.1,-7.4
"historical",1884,0,0.4,-7.4,-6.4,-0.7,1.8,-6.5,0.4,-2.6,-4.3,-5.5,-8.9,1.6,-2.4,-2.8,-6.8,-2.6,-5.2,-4.4,-8.9
"historical",1885,-1.8,-6.6,-3.2,-4.6,-1.8,-0.4,-5.2,-2,-2.3,0,-5.4,-5.2,0.1,-1.7,-7.5,-5.5,-0.3,-6,-4.8,-7.5
"historical",1886,-1.7,-4.9,-2.4,-5.1,-1.2,1.6,-5,0.1,-2.7,-4.3,-3.2,-4.4,2.6,-4.8,-5.9,-5.9,1.7,-3.6,-4.3,-5.9
"historical",1887,-0.6,-7.1,-3.3,-6.9,-1.7,0.2,-4.2,0.4,0.1,-2.2,-5.2,-5.8,-1.3,-4.7,-3.7,-6.9,-4,-4.6,-5.9,-7.1
"historical",1888,-0.3,-0.4,-4,-3.5,-0.6,-1.1,-6.1,-4,-5,-3.4,-8.6,-5.7,3.5,-2.8,-4.7,-4.6,-1.5,-1.8,-3.7,-8.6
"historical",1889,-1,-2.6,-1.5,-4.4,-4,0.1,-2.3,-0.1,-4.4,-2.7,-3.9,-8.4,0.5,-3.2,-2.9,-3.8,-0.9,-0.9,-4.8,-8.4
"historical",1890,-0.5,-4.3,-3.8,-2.9,-0.6,1.4,-1.7,-0.9,-3.8,-2.4,-4.5,-6,1.2,-3.3,-3.2,-5.6,-1.6,-4.9,-3,-6
"historical",1891,-1,-7.2,-5,-6.6,-2.3,-1.1,-5.4,-0.9,-4.9,-2.8,-6.4,-8.5,-0.7,-2.6,-3,-4.3,-2.1,-1.9,-3,-8.5
"historical",1892,-1.5,-9.6,-2.1,-6.6,0.5,-0.2,-3.2,-2.9,-6,-2.4,-4.1,-6.7,1.7,-2.6,-4,-6.5,-1.6,-5,-4.3,-9.6
"historical",1893,-1.5,-7.3,-3.6,-5.9,-0.8,0.9,-4.1,1.5,-1.3,-2.9,-5.8,-3.9,-0.3,0.1,-5.5,-7.2,0.2,-4.9,-3.5,-7.3
"historical",1894,-0.8,-1.3,-6.9,-2.7,-1.2,-0.1,-4.2,-0.2,-3.3,-3.2,-2.8,-4.3,0.2,-3.8,-4.6,-3.6,-0.5,-5.6,-3,-6.9
"historical",1895,-0.9,-2.8,-5.4,-6.7,-0.6,-1,-4.4,0,-1.3,-2.5,-1.6,-6.6,1.4,-3.5,-1.2,-5.8,-3.2,-4.2,-5.9,-6.7
"historical",1896,0.3,-5.9,-2.5,-5.6,0.2,0.2,-3.7,0.3,-2.2,-5,-4.7,-6,0.8,-4.7,-1.1,-6.6,2.2,-3.4,-3.4,-6.6
"historical",1897,-1,-2.6,-3.8,-6.1,-0.9,0.4,-5.2,-0.9,-2.3,-0.8,-3.8,-3.8,3.3,-1,-1.6,-9.6,-3.1,-3.3,-3.6,-9.6
"historical",1898,-3.2,-5.5,-1,-5.3,-1,-0.5,-3.1,-2.8,-1.3,-0.5,-5.1,-4.5,1.9,0.2,-1,-4.4,-0.2,-6.9,-2.2,-6.9
"historical",1899,-1.9,-4.2,-6.8,-4.3,-2.5,0.5,-5.2,-2.2,-3,-3.8,-6.4,-3,1.9,-2.3,-0.7,-4.9,-0.5,-5.3,-2.9,-6.8
"historical",1900,-0.5,-6.1,-3.9,-2.8,-1.9,-0.1,-6.6,-1.3,-4.1,-3.3,-4.7,-5.2,1.4,-1.9,-2,-2.7,-1.1,-3.7,-5.3,-6.6
"historical",1901,-4.6,-5.8,-5.3,-2,-1,0.5,-3.7,-0.3,-3.9,-5,-6.5,-4.1,1,-2.5,-3.6,-5.2,-2.5,-6.7,-4,-6.7
"historical",1902,-3.1,-5,-1.3,-3.7,-1.6,0.2,-6.3,0.9,-1.3,-6.1,-5.8,-4.8,3.2,-2.2,-2.4,-10.8,0.7,-3,-2.1,-10.8
"historical",1903,-1.7,-7.3,-7.9,-5.7,-1.9,0.7,-1.1,-1.6,-3.8,-2.7,-2.9,-5.1,0.9,-1.8,-2.9,-4,-0.8,-3.4,-4.4,-7.9
"historical",1904,-0.4,2.9,-2.8,-6,0.1,0.2,-2.2,0.4,-4.4,-3.5,-5.6,-4.2,-0.5,-3.6,-2.9,-2.8,-5.6,-4.1,-2.9,-6
"historical",1905,-1.5,-8.9,-4.9,-6.1,-3,0.7,-4.9,-2,-3,-1.9,-5.7,-2.7,0.6,-1.3,-2.4,-7.4,-1.6,-7.4,-7.6,-8.9
"historical",1906,-0.9,-5.1,-3.3,-4.7,-0.4,-0.8,-5.5,-0.7,-0.5,0.9,-3.4,-5.4,-3.7,-3.1,-1.3,-2.1,0.2,-5.1,-3.4,-5.5
"historical",1907,-0.7,-3.3,-3.1,-3.3,-1.1,-0.8,-1.7,-0.9,-3.3,-5.3,-7.9,-7.9,1.6,-1.4,-1.6,-7.3,-3,-6.5,-3.5,-7.9
"historical",1908,-0.7,0.5,-2.7,-6.1,-0.4,0.5,-4.3,-3.8,-4.5,-2.9,-4.8,-3.4,-1.3,-0.1,-0.4,-5.5,-0.2,-5.7,-4.6,-6.1
"historical",1909,-1.3,-5.4,-2.5,-8.1,-1.1,-1.5,-3.2,-1,-6.9,-1,-3.2,-4.7,-1.4,-5.1,-5.4,-4.4,-2.1,-2.8,-3.8,-8.1
"historical",1910,-0.7,-1.4,-3.5,-5.1,-1.9,1.2,-1.8,-0.3,-2.9,-2.4,-5.5,-5.4,1.2,-5.1,-1.1,-6.5,-1.5,-3.1,-5.9,-6.5
"historical",1911,-3.5,-2.1,-5.8,-3,-3,-0.9,-5.6,-1.8,-3.6,-3.5,-3.3,-6.9,2.6,-2.1,-3.1,-3.5,-0.7,-2.9,-3.5,-6.9
"historical",1912,0,-5.9,-0.4,-5.9,-0.3,1.6,-2.9,1.4,-4.5,-2.1,-5.7,-3.2,-0.1,-4.7,-1.9,-6.7,-2.1,-5.1,0,-6.7
"historical",1913,-0.3,-5,-4.1,-5.8,-2.4,1.6,-3.8,-1.9,-3.8,-3.5,-3.9,-4.9,1.2,-1.8,-0.5,-4.6,-1.8,-6.4,-3.6,-6.4
"historical",1914,-2.7,-5.5,-5.1,-5.1,-1.7,-3.8,-6.2,0.4,-3.9,0.3,-7,-5.9,0.6,-1.6,-1.6,-4.5,-2.5,-5.1,-3.1,-7
"historical",1915,-0.1,-5.6,-4.2,-4.3,-0.2,0.5,-4.3,0,-2.4,-4.5,-5,-3.8,0.4,-3.1,-1.9,-4.9,-1.6,-6.3,-1.2,-6.3
"historical",1916,-1,-7.1,-5.3,-5.1,-0.8,1.4,-2.3,-1.2,-2.5,-2.7,-6,-4.8,1.3,-0.1,-1.2,-2.2,-0.5,-3.8,-5.8,-7.1
"historical",1917,-0.5,-8.6,-4.7,-3.7,0.7,-0.1,-2.9,0.2,-2.8,-5,-7.2,-3.2,2.2,-1.4,-3.2,-6.5,0.5,-4.9,-1.6,-8.6
"historical",1918,-1.4,-4,-2.6,-5.3,0.2,0.1,-2.9,-4.3,-1.4,-2.1,-0.9,-4.2,-0.9,-2.7,-1.5,-4.1,-1.1,-2.8,-2.9,-5.3
"historical",1919,-0.9,-8.2,-4.9,-4.9,-3.4,-1.6,-7.9,-0.2,-2.9,-7.3,-5.2,-3.3,0.9,-1.7,-4,-4.8,-1.4,-1.8,-3.9,-8.2
"historical",1920,-1.2,-3.9,-3.4,-7,-0.7,0.3,-5.4,-1.5,-3.8,-1.2,-3,-3.2,2.9,-3,-1.7,-5.2,-2.3,-2.5,-2.8,-7
"historical",1921,-0.9,-7.7,-3.3,-2.2,-0.4,1.4,-2.2,-2.9,-2.8,-1.4,-4,-4.2,0.2,-3,-1.9,-2.9,-1,-2.2,-2.8,-7.7
"historical",1922,-1.3,-4.4,-5.3,-6.3,0.7,0.6,-6,0.6,-4,-4.2,-3.3,-5,2.5,-1.4,-2.8,-6.9,-0.7,-5.5,-5.2,-6.9
"historical",1923,-0.7,-9.5,-3.7,-3.6,0.5,2.6,-5.3,-0.2,-1.7,-1,-4.6,-4.6,0.5,-2.4,-5.2,-3.3,-1.8,-7.8,-4,-9.5
"historical",1924,-2.7,-1.4,-4.4,-1.2,-2.3,1.4,-5.6,-0.5,-2.3,-2.5,-5,-3.1,-0.8,-3.9,-1.7,-4.1,-1.4,-4.3,-2.3,-5.6
"historical",1925,-0.1,-6.1,-3.3,-8.3,-3,0.7,0,-1.3,-4,-3.9,-2.2,-3.9,1.9,-0.3,-0.7,-2.7,-0.5,-4.3,-2.8,-8.3
"historical",1926,-1.2,-4.7,-4.8,-3.7,-0.6,0.8,-2.4,1,-2,-0.3,-2.9,-5,-0.2,-3.4,-2.1,-4.2,-2.2,-3.7,-6,-6
"historical",1927,-2.4,0.2,-2.5,-5.2,-0.6,0.1,-3.5,-2.9,-2,-1.8,-5.6,-7.5,3.4,-4.3,-3.9,-5.6,-1,-5.7,-2.8,-7.5
"historical",1928,-2,-3.7,-0.3,-2.7,-1.9,-2,-5.3,-0.1,-2.3,-2.9,-3.3,-6.6,1.4,-5,-0.8,-7.4,-3,-4.1,-4.1,-7.4
"historical",1929,-3.4,-7.5,-2.3,-2.8,-0.4,0.3,-4.7,-1.8,-3.1,-1.3,-5.6,-2.3,2.9,-1.3,-1.8,-7.5,-6.3,-3,-6.1,-7.5
"historical",1930,-1.8,-3.6,-2.7,-3.4,-1.7,-2.4,-2.7,-1.2,0.2,-2.8,-6.5,-5,-0.3,-2.3,-2.2,-5.2,-0.2,-4.2,-0.8,-6.5
"historical",1931,-1,-1.6,-4.4,-4.7,-2.5,-0.2,-4.5,-0.7,-3.8,-0.2,-4.9,-6.4,1.8,-1.9,-3.7,-3.9,-2.1,-2.8,-6,-6.4
"historical",1932,0.2,-7,-3.6,-2.9,-1.9,0.1,-2,0.2,0,-1.7,-5,-4.3,-0.1,-2.4,0,-5.7,-3,-3.9,-3.4,-7
"historical",1933,-2.5,0.5,-4.6,-3,0.4,1.1,-1,1.7,-5.9,-1.6,-2.9,-7,-1,-3.5,0.1,-7.3,-1.9,-5,-1.3,-7.3
"historical",1934,-1.4,-2.4,-0.9,-3,-0.2,-0.6,-5.9,-0.3,-3.7,-3.1,-4.5,-9.2,-0.5,-3.3,-0.3,-5.9,2,-2.4,-2.8,-9.2
"historical",1935,-1.2,1.7,-3.5,-5.5,-0.8,1.1,-6.7,-0.6,-0.3,-1.9,-3.8,-3.6,2.9,-2.9,-2.9,-3.7,-1.6,-1.9,-4,-6.7
"historical",1936,-1.2,-4.2,-5.4,-4.9,-3.2,1.1,-4,-2.4,-2.9,-5.2,-10.7,-3.9,2.4,-7.7,-1.8,-6.2,-3.1,-8.6,-4.2,-10.7
"historical",1937,-3.3,-4.8,-3.4,-4.7,-0.6,0,-10.9,1.1,-4.7,-1.9,-4,-3.5,1.4,-3.8,-0.9,-3.8,-0.1,-8.4,-4.1,-10.9
"historical",1938,0.3,-2.9,-5.4,-7.6,-3.7,0.2,-4.7,0.1,-2.2,-1.8,-8.6,-5.1,-1.9,-2.5,-3.7,-7.7,-1.4,-4.7,-4.5,-8.6
"historical",1939,-1.3,-2.3,-4,-5.2,0.2,0.3,-4.1,0.9,-2.6,-3.5,-5.5,-4.6,3.8,-1,-3.8,-6.1,-2.6,-3,-4,-6.1
"historical",1940,-0.6,-6.8,-6.4,-1.2,1.4,0.4,-4.4,-0.5,-1.8,-1.2,-4.1,-6.5,3.8,-1,-2.7,-4.7,-0.9,-0.6,-2.1,-6.8
"historical",1941,-1.4,-5.4,-3.7,-2.8,-0.8,-0.1,-2.2,-0.7,-4.1,-0.9,-2.7,-4.5,2.3,-3.2,-4.1,-3.9,-3.1,-7.1,-3.3,-7.1
"historical",1942,-1,-9.5,-4.8,-6.1,-1.6,0.3,-3.9,0.7,-2.9,-2.7,-12.1,-5.5,-1,-4.9,2.6,-5.4,-1.6,-3,-5.8,-12.1
"historical",1943,-2.8,-3.4,-3.3,-4.7,-0.2,0.8,-2.7,0.6,-2.2,-0.9,-5.3,-5.9,2.1,-2.9,-3,-3.4,-0.8,-4.9,-4.7,-5.9
"historical",1944,-1,-2.7,-7.3,-6.5,-2.1,0.7,-3.1,-1.6,-1.5,-1.4,-3.4,-6.5,2.9,-2.1,-0.3,-3.2,0.4,-3.6,-5.3,-7.3
"historical",1945,-0.6,0.3,-5,-4.2,-2.1,2.2,-6,0.1,-0.5,-0.8,-5.6,-4.3,1.8,-1.5,-2.5,-8,-1.4,-8,-1.9,-8
"historical",1946,-1.6,-3.5,-6.1,-4.8,1.2,1.3,-4.4,-2.1,-1.4,-5.3,-3.3,-5.4,-0.7,-2.6,-1.4,-4.3,-1.5,-6.7,-2,-6.7
"historical",1947,0,-2.6,-6.5,-4.2,1.5,0.5,-1.8,-0.9,-2.2,-1.6,-4.1,-3.6,1.2,-2.7,-2.7,-6.4,-1.1,-2.1,-1.8,-6.5
"historical",1948,0.1,-1.5,-2.8,-3.5,-0.7,-0.2,-3,-1.7,-6.4,-2.2,-2.3,-4.4,1.4,-5.5,-4.9,-3.6,-0.2,-4.7,-4,-6.4
"historical",1949,-0.8,-3.9,-1.5,-4.8,0,0.7,-3.2,-2.9,-2.2,-0.2,-8.1,-4.2,4.3,0.3,-4,-6.3,0.7,-9.2,-3.9,-9.2
"historical",1950,-2.6,-2.7,-5.9,-4.7,-0.3,-0.2,-7.2,1.6,-2.4,-2.6,-1.6,-3.9,3.3,-4.7,-3.4,-4.6,-3,-4.2,-2.1,-7.2
"historical",1951,-3.1,-3.7,-3.9,-3.7,-3.8,1.1,-5.2,-0.4,-4.2,-3.4,-2.6,-3.8,0.2,-0.5,-3.9,-7.8,-3.8,-3.9,-2.1,-7.8
"historical",1952,-0.6,0.5,-2.8,-4.7,-1.7,0.7,-0.9,-2.9,-2.9,-2.9,-3.5,-3.2,-2.7,-1,-6.9,-3.6,-0.3,-2.1,-2.4,-6.9
"historical",1953,-0.5,-2.7,-6.1,-6,1.3,0.1,-5.6,0.5,-2.7,-1.1,-7.3,-5.4,3.1,-5.2,-0.7,-6.8,-5.1,-1.1,-6.3,-7.3
"historical",1954,-1,-4.2,-3.6,-5.7,-1,-0.1,-1.6,-1.3,-4,-2.8,-4.4,-4.2,4.3,-2.2,-1.5,-5.2,0.2,-4.6,-6.6,-6.6
"historical",1955,-1.8,-1.1,-4.7,-3.8,-2.1,0.9,-0.5,1.7,-2.2,-3.5,-5.7,-4.3,-0.4,-1.3,-1.2,-2.6,-0.9,-2.5,-4.7,-5.7
"historical",1956,0.3,-2.5,-3.9,-5.4,0.7,0.4,-1.5,-2.9,-1,-1.3,-3.3,-3.1,1.5,-2.9,0.5,-6.2,1.3,-1.3,-3.1,-6.2
"historical",1957,-2.7,-1.2,-5.5,-4,-0.7,1.5,-0.6,-2.8,-3.7,-0.4,-2.4,-4.8,0.7,-2.6,-2.2,-2.9,-6.2,-5.9,-4.7,-6.2
"historical",1958,-1.2,-2.4,-4,-4.8,-7.7,1.9,-6,0.3,-1.6,0.5,-6.8,-2.4,-0.5,-3.6,-2.4,-6.9,-1.9,-3,-3.4,-7.7
"historical",1959,-0.7,-6.5,-2,-6,-2.8,-0.4,-3.2,-0.5,-1.9,-4.5,-4.6,-4.6,2,-1.5,-4.3,-3.6,-1.3,-3.7,-4.4,-6.5
"historical",1960,-0.4,-1.4,-3.3,-6.7,0.5,-0.6,-4.2,-0.5,-2.5,-2.9,-4.6,-5.1,1.4,-4.8,-1.9,-6.3,-0.8,-5.3,-2.9,-6.7
"historical",1961,-1.6,-0.8,-0.8,-6.6,-0.5,0.3,-2.3,0.4,-2.5,-0.2,-1.5,-5.9,1.3,-3.3,-3.7,-4.3,1.2,-8.7,-2.8,-8.7
"historical",1962,-2.5,-7.4,-4.6,-4.3,-4.1,-1.3,-3.4,0.1,-4.2,-2.6,-2.2,-3.8,1.5,-3.5,-4.6,-4.4,-3.2,-3.1,-3.7,-7.4
"historical",1963,-2.8,-4.7,-2.1,-6.6,0,-1.1,-1.9,1.2,-2.4,-3.2,-5.5,-4.9,0.7,-1.2,-0.8,-6.2,-1,-4.9,-2.8,-6.6
"historical",1964,-1,0.1,-4.4,-4.2,1.1,-0.7,-3.5,-2.1,-2.8,-1.3,-4.7,-5.8,1.9,-1.5,-1.3,-3.7,-5.4,-6,-5.3,-6
"historical",1965,-1.5,-11.9,-5.6,-6.1,-1.3,-1.4,-3.8,-5.2,-3.2,-1.3,-3.5,-3,1.4,-1.5,-2.9,-3.1,-1.8,-3.7,-6.9,-11.9
"historical",1966,0,-4.2,-1,-4.4,0,1.2,-1.8,-4.8,-3.3,-0.6,-5.8,-5.8,1.2,-5.6,-2,-3.2,-1.4,-1.7,-6.1,-6.1
"historical",1967,-2,-0.3,-3.3,-5.4,-0.9,1,-5.3,-0.6,-5.9,-3.9,-5.8,-3.7,2.2,-2.5,-3.3,-3,-0.5,-2.2,-3.8,-5.9
"historical",1968,-0.9,-5.4,-4.7,-3.3,-1.6,-5.5,-4.9,0.6,-3.5,-1.2,-3.8,-4.3,-2.4,-3.1,-7.7,-6.2,-4.3,-0.7,-3.3,-7.7
"historical",1969,0,2.7,-6.5,-8.9,-0.6,1,-5.4,-1.3,-2.1,-2.5,-3.7,-8.1,-0.1,-1.9,-2,-2.6,-2.7,-2.1,-4.5,-8.9
"historical",1970,-0.4,-6.1,-3.3,-4.1,-0.8,-1.5,-4.2,-1.5,-3,-1.1,-4,-3.4,2.6,-1.7,-1.1,-3.9,0.8,-1.9,-3.9,-6.1
"historical",1971,-1.4,-2.2,-5.4,-5.8,1.1,-1.1,-1.9,-0.2,-2.2,-2.9,-2.7,-3.9,1.1,-1.2,-0.8,-4.8,1.2,-3.1,-6.7,-6.7
"historical",1972,-1.2,-2.7,-3.6,-2.5,-1.8,-0.1,-3.9,-1.6,-4.2,-0.3,-6.6,-4.2,2.3,0,-2.5,-3.9,0.9,-3.4,-3.7,-6.6
"historical",1973,-0.9,-4.1,-3.2,-3,-0.1,0,-7.1,0.5,-4.1,-5.5,-2.6,-4.5,0.1,-1.2,-6.5,-4.7,-0.4,-5.4,-4.5,-7.1
"historical",1974,-1.4,-5.3,-2.4,-6,-1.8,1.1,-2.2,0.2,-4.7,0.9,-2.8,-4,-0.3,-3.2,-0.9,-4.5,-0.3,-3.9,-3.9,-6
"historical",1975,-0.8,-0.4,-1.3,-4.3,-2.3,0.5,-2.8,-3.6,-2.1,-4.3,-5.5,-3.2,2.6,-3.7,-2.1,-8.2,0.4,-5.6,-2.2,-8.2
"historical",1976,-0.2,-5.8,-4.7,-3.5,-0.4,-0.4,-2.9,0.2,-4.5,-8.1,-5.5,-4.2,1.4,-4.7,-0.8,-6.6,-0.3,-2.6,-4.5,-8.1
"historical",1977,-3.8,-0.2,-3.5,-4.9,-2.9,-2.2,-0.2,-0.8,-2.8,-1.2,-2.3,-4.3,0.3,-2.3,-4.4,-2.8,-1.1,-3.4,-3.9,-4.9
"historical",1978,-0.9,-1.1,-4,-3.8,-0.5,1.6,-1,-0.6,-3.4,-4.6,-6.1,-3.4,0.1,-0.5,-3.2,-2.4,-0.4,-3.8,-4.6,-6.1
"historical",1979,-1.1,-2.6,-5.1,-6.4,-1,1.3,-2.6,0.4,-2.7,-3,-5.9,-4.9,0.8,-0.8,-1.6,-3.3,-1.8,-4.8,-4.2,-6.4
"historical",1980,-1,-5.9,-1.6,-5.1,-4.2,-2,-3.1,-0.6,-2.6,-3.9,-6.9,-3.9,0.2,-2.7,-1.1,-3.8,-1.6,-4.2,-3.6,-6.9
"historical",1981,-1.4,1.8,-2.1,-4.9,1.3,-1.9,-2,0.3,-4.3,-2.6,-4.1,-8,3.4,-0.5,-0.9,-2.4,-1.2,-4.8,-2.9,-8
"historical",1982,-0.7,-3.6,-4.6,-4.4,-0.1,-0.7,-2.3,-2.9,-2.5,-4.1,-1.7,-3.1,1.4,-1,-2.8,-3.5,-1,-6.3,-4.8,-6.3
"historical",1983,0.1,-1.6,-2.7,-3.6,-0.2,0.6,-2.7,-0.2,-6.3,-4.7,-6.6,-5.5,-1,0.7,-3.4,-6.5,-0.3,-4.6,-2.9,-6.6
"historical",1984,-1.4,-5.9,-1.9,-7.3,-0.1,-2.3,-1.7,-0.9,-2.3,-1.5,-4.2,-6.6,-1,-2.7,-1.2,-3.1,1.4,-3,-3.5,-7.3
"historical",1985,-0.4,-3.5,-4.3,-4.4,-2.8,-0.7,-3.6,0,-5,-2.4,-8.6,-5.3,4.5,-3.3,-2.5,-2.6,0.1,-3.9,-5.5,-8.6
"historical",1986,-1.6,-5.9,-2.5,-4.4,-4.2,1.1,-4.3,-1.8,-4.7,-3.2,-4.6,-3.2,3.8,-3.4,-3.8,-4.1,-0.1,-7.6,-2.3,-7.6
"historical",1987,-0.7,-2.8,-4.1,-4.5,0.5,-1.1,-0.7,-1.4,-5.1,-6.8,-5.5,-3.6,1.7,-2.9,-4,-5.9,-1.2,-6.4,-2.9,-6.8
"historical",1988,-2,-4.6,-4.9,-4.4,0.2,0.9,-1,-1.2,-4.4,-3.4,-7.5,-4.4,2,-1.5,-1,-2.7,-1.5,-3.7,-3.5,-7.5
"historical",1989,-2.4,-6.6,-2.4,-3.4,-2.4,1.1,-0.4,0.9,-3.3,-4.2,-5.1,-5.5,0.6,-2.2,-0.6,-2.3,-1.2,-4.4,-4.4,-6.6
"historical",1990,-1.8,-3.9,-2.6,-4.2,0.1,-1.5,-4.1,0.1,-4.9,-1.8,-6.5,-4.2,2.4,-3.6,-3.4,-7.3,0.8,-5.5,-5.2,-7.3
"historical",1991,-0.9,-7.2,-3.1,-3.7,-1,1,-3.4,-0.7,-4.1,-6,-3.4,-5.7,1.1,-0.6,-3.6,-2.2,-3.6,-1.5,-2.8,-7.2
"historical",1992,-1,-2.8,-4,-7.7,-2.5,0.5,-0.6,-1.6,-6.6,-5.6,-3.7,-4.4,2.9,-4.2,-1.9,-4.9,-0.1,-7.9,-3.9,-7.9
"historical",1993,-1.4,-7,-1.8,-4.5,1,-1.2,-2.7,1.7,-2.4,-1,-6.7,-5.3,-0.1,-0.3,-0.9,-6.1,-2.5,-1.8,-6,-7
"historical",1994,-2.7,-4.5,-4.1,-4.3,0.9,0.2,-1.7,-6.1,-2.4,-2.5,-2.8,-1.9,0,-1.7,2.5,-1.3,-0.1,-4.6,-3.5,-6.1
"historical",1995,-0.5,-4.3,-4.2,-5.6,-0.9,1.1,-0.7,-1.2,-5.7,-4.3,-2.6,-7.2,-2.3,-4.8,-2.9,-5.3,1,-4.2,-3.3,-7.2
"historical",1996,-1.1,-1,-7.8,-4.1,-1.9,0.7,-2.5,-0.7,-2.7,-2,-5,-3.6,1.5,-0.3,-2.6,-6.2,-0.4,-8.7,-2.9,-8.7
"historical",1997,-1.2,-4.2,-2.2,-3.9,-5.4,-0.4,-2.5,-1,-2.4,-3.4,-1.8,-4.6,1.9,-3.3,-1.5,-4.7,-0.5,-6.5,-3.4,-6.5
"historical",1998,-0.1,-3.4,-2.7,-4,0.2,-0.8,-4.2,-0.8,-4,0.4,-3.9,-6.7,3.3,0.8,-1.5,-2.9,1.1,-6.1,-2.4,-6.7
"historical",1999,-0.2,-3.8,-3.1,-3.6,0,-0.5,-1.8,-1.6,-3.7,-2.3,-4.5,-4.3,-1.3,1.2,-4.1,-7.6,-6.5,-5.9,-2.8,-7.6
"historical",2000,-0.1,-1.5,-5.3,-6.2,0.2,0,-1.6,0.6,-2.9,-6.1,-3.8,-3,0.2,-5,-2.9,-3.3,-0.3,-5.6,-5.7,-6.2
"historical",2001,-0.7,-2.5,0.6,-2.1,-0.9,-0.2,-1.3,-0.7,-3.4,-5.5,-3.8,-3,2.6,-1.9,0.5,-3.4,0.3,-9.5,-5.7,-9.5
"historical",2002,-0.5,-2.8,-6.8,-2,0.1,0.4,-1.6,-1.8,-2.5,1.1,-6.3,-3,2.3,-4.7,-0.5,-2.7,0.4,-3.1,-1.9,-6.8
"historical",2003,0.8,-1.2,-2.4,-2.5,-1.9,0.7,-2.5,-0.8,-3.2,0.1,-6.9,-3.5,0.2,-1.2,-1.3,-2.9,-3.5,0.3,-1.8,-6.9
"historical",2004,0.2,-2.6,-1.6,-2.6,-3.8,-0.1,-0.3,0.6,-0.7,0.4,-4.6,-4.7,2.3,-0.3,-4.4,-4.9,-3.8,-2.8,-3.2,-4.9
"historical",2005,-2.7,-0.2,-5.6,-3.8,-1.1,1.3,1,-2.8,-2.9,-1.5,-5.9,-3.5,-0.9,2,1,-0.5,0.2,-5.3,-3.7,-5.9
"historical",2006,-2,-4.6,-1.9,-3.3,0.9,0.8,-1.9,-0.2,-4.9,-4.1,-2.2,-4.1,2.1,-1.2,0.3,-6.3,-1.5,-2.3,-2.9,-6.3
"historical",2007,-0.1,0.1,-3.7,-5.6,-1.2,1.7,-3.5,-0.5,-4.7,-1,-2,-1.8,1.2,-2.6,-0.3,-4.5,-1.6,-4.4,-2.8,-5.6
"historical",2008,-0.5,1.9,-2.5,-5.2,0.4,0.5,-5.1,0.3,-5.6,-2.3,-2.9,-3,1.8,0.7,-3.7,-8.3,0.4,-3.5,-4.8,-8.3
"historical",2009,-2.1,-2.2,-2.2,-5.2,-0.1,-0.6,-1.3,-3.9,-2.8,0.9,-4.6,-4.4,2.3,-4.2,-2,-3.9,0.1,-4.8,-4.6,-5.2
"historical",2010,-1.1,-2.1,-7.6,-1.6,0.5,0.6,-1.7,-0.3,-4.3,-1.6,-3.9,-4.5,-0.3,-2.9,-4.2,-3.5,1.2,-7.1,-1.8,-7.6
"historical",2011,-0.2,-2,-3.8,-3.9,1,0.6,-2,-2.8,-3.8,-4.8,-2.2,-2.7,2.1,-1.1,-3.5,0.8,-1.8,-4.1,-2.5,-4.8
"historical",2012,-0.1,2.3,-3,-3.1,-1.6,0.2,-3.6,0.1,-3.3,-2.6,-6.3,-4.1,2,-0.4,-2.9,-2,-0.7,-2.3,-2.3,-6.3
"historical",2013,-1.1,-1.7,-1.6,-4.5,-0.2,0.9,-3.9,-1.1,-6.3,1.1,-2.3,-5.7,3.7,-1.2,0.9,-1.5,-1.6,-4,-3.9,-6.3
"historical",2014,-0.7,1.5,-5.3,-2.3,-0.3,0.2,-4.5,0.1,-0.7,-0.6,-3.7,-6.7,2.1,0.5,-0.8,-5.3,0,-5.8,-3,-6.7
"ssp126",2015,-0.4,-3.5,-2.3,-1.4,1.6,0.7,-1.1,0.4,-1.5,3,-1.7,-4.6,5.3,-0.9,-1.5,-4.2,1,-5.9,-2.6,-5.9
"ssp126",2016,-0.7,-1.8,-0.8,-2.9,-1.2,-0.1,-1.2,1.3,-0.2,4.5,-1.7,-2.7,4.6,-1.4,4,-3.7,3.9,-6.8,-2.8,-6.8
"ssp126",2017,-0.3,0.6,1.5,-3.5,2.3,0.6,-4.1,-0.8,-1.6,0.9,-3.1,-5.2,-1.3,1.1,2,-4.2,3.9,-1.3,-0.3,-5.2
"ssp126",2018,-0.2,6.1,1.2,-3.3,0.5,-1.2,-3.9,-1.5,0.9,2,-0.5,-3.7,2.6,-2,-1.1,-1.7,3.6,-4,-2.5,-4
"ssp126",2019,-0.3,-5.2,1.3,-4.3,-0.3,1.5,-1.4,2,-1.1,3.8,0.8,-3,0.9,-5.1,-2.8,-1.4,1.2,-2.2,0.6,-5.2
"ssp126",2020,0.6,3.8,3,-4.3,0.5,0.4,-0.1,-0.9,0,0.8,-3.2,-0.4,5.3,-4.5,0.6,-5.5,2.5,-2.1,0.5,-5.5
"ssp126",2021,0.8,4.8,-3.2,-2,1.6,3.3,0.8,0.7,0,1.2,-5.5,-2.2,4.1,2,1.9,-4.8,1.5,0,-2.2,-5.5
"ssp126",2022,-0.1,-2.9,-0.2,-1.3,2.1,1.3,-0.8,1.5,-2.3,2.6,3.2,-2.6,3.6,-1.4,2.1,-0.7,-0.4,-1.8,-2.5,-2.9
"ssp126",2023,0.1,2.2,-2,-3.9,-3.5,3.6,-1.2,-1.3,-1.4,5.9,1.5,-0.3,5.4,1.5,-1.6,-4.2,0.8,0.4,-1,-4.2
"ssp126",2024,0.9,-1.4,-1.8,-2.8,1.8,3.8,-0.7,-1.1,-1.6,-4.7,1.8,-2.1,6.5,-2.1,3.5,-3.6,4,-1.3,-1.7,-4.7
"ssp126",2025,0.1,0.7,0,-1.3,1.5,1.2,-2.7,0.6,0,2.7,2.9,-1.6,5.9,0.6,4.5,-2.1,2.9,-3.6,-0.1,-3.6
"ssp126",2026,-0.6,3.7,-2,-5.4,0.2,3.4,0.8,-3.3,0.2,-3.7,2.2,-2.3,3.7,0.1,3.4,-1.6,0.9,-0.8,-3.7,-5.4
"ssp126",2027,-0.5,2.5,-2.3,-2.9,-3.2,1,-0.1,0.7,-0.2,3.9,3,-3.5,2.7,-5.1,1.4,-0.6,-0.8,0,-2.6,-5.1
"ssp126",2028,0.2,1.2,-2.5,-3.1,1.3,1.6,-0.5,0.6,0.1,4.1,0.6,-5.1,5.3,-0.5,0.6,-3.6,1.4,-1,-3.5,-5.1
"ssp126",2029,0.4,2.1,0.8,-1.3,2.3,2.2,-4.4,2.1,-1.8,3.2,3.7,-1.1,3.6,-2.6,1.9,-2.3,5.1,-0.7,-1.6,-4.4
"ssp126",2030,0.1,1.8,-0.2,-3.9,-0.7,2.7,-1.2,3.7,-3.3,3,2.3,-2.4,2.2,-3,3.4,-1.8,2.8,-2.7,-1.3,-3.9
"ssp126",2031,-0.2,2.2,1.1,-2.3,2.5,2.8,-0.2,2.5,-1.3,3.2,1.2,-0.3,3.2,0.6,-0.2,-1.7,5,-1.4,0,-2.3
"ssp126",2032,-0.5,3.7,-3.2,-1.3,-1.2,3.1,-1.6,1,0.5,6.9,1.9,-1.7,7.2,2,2.6,-1.5,2.8,-0.9,-2.5,-3.2
"ssp126",2033,-0.1,4.9,-2.4,-1.3,2.1,-1.3,-1.6,1.4,0.8,-1.3,-1.2,0.4,5.9,-2.8,1.8,-5.8,3.4,-4.8,-3.1,-5.8
"ssp126",2034,0.1,1.2,3.2,-3.4,1.6,1.5,-0.2,3,-1.2,1,4.2,-2.4,2.4,-3.5,1.6,-2,3.2,-3.3,-2.3,-3.5
"ssp126",2035,1.6,1.9,0.1,-4.1,0.1,3.1,-5.2,1.7,-0.5,4.4,2.6,-3.3,3.8,0.1,2.1,-1.1,0,1.4,-3,-5.2
"ssp126",2036,0.9,5.5,-2.8,-0.4,-1.1,2.8,-1.3,3,-2.2,2.9,-0.5,-1.8,2.7,1.4,-0.6,1.8,3.6,-2.2,-3.8,-3.8
"ssp126",2037,0.4,7.1,0.2,-2,2.6,0.8,-0.3,2.8,-0.6,1.5,1.9,-2.5,2,-1.3,1.1,-1.4,4.3,-1.8,-0.7,-2.5
"ssp126",2038,-0.5,5.3,-2.3,-2.7,-0.3,-0.4,0.7,2.3,0.5,-4,1.9,-1.3,5,0.9,1.4,-2.6,0.2,-1.6,-2.2,-4
"ssp126",2039,0.4,0.6,1.3,-3.3,-0.4,1.8,-2.2,2.4,-0.7,1.3,4.5,-0.8,7.7,3.3,2.1,-2,1.9,-1.2,-0.2,-3.3
"ssp126",2040,1.4,0.6,0,-2.2,1.3,2.7,-4,2,0.9,3.8,4.1,-2.4,5.9,-1,1.1,-0.4,6.5,0.7,-1.8,-4
"ssp126",2041,0.7,-4.1,-2.1,-2.9,1.3,4,-1.9,0.7,-5,1.5,1.2,-3,4.9,0.8,3.9,-1.2,4.2,-2.5,-5.2,-5.2
"ssp126",2042,-1,4.8,-0.6,-1.7,0.7,-0.1,0.5,1.9,2.6,0.9,-0.3,-2.4,4.5,1,-2.3,-2.3,0.2,1.5,-1.5,-2.4
"ssp126",2043,-0.3,-3.1,0.3,-3.7,1.3,3,0.2,3.4,0.6,0.5,-0.6,-1,5.8,1.3,1.4,-2.3,1.7,-1.3,-1.3,-3.7
"ssp126",2044,0.6,3,1.6,-0.4,-2.5,-0.6,-1.9,-0.3,0.6,4.4,2,-3.3,6.8,1.6,2,-1,2.2,2.8,-2.6,-3.3
"ssp126",2045,1.3,1.7,-1.5,-4,0.6,1.3,0.4,3.7,0.3,-2.5,1.2,1.1,3.3,0.1,2.5,-2.5,5.7,2.4,-2.2,-4
"ssp126",2046,-0.9,-1.8,3.4,-2.5,2.3,1,-1.9,4.3,-0.1,-0.1,4.2,-1.7,4.4,2.2,1.9,0.2,0.6,-2,2,-2.5
"ssp126",2047,0.4,1.7,3,-4.8,0.2,0.2,0.9,0.9,0.3,3.4,1.4,-1.2,3.3,2.2,1.7,-3.9,2.7,-2.7,-0.9,-4.8
"ssp126",2048,-0.4,-0.3,3.5,-0.2,3,2,-0.8,-0.7,-0.7,4.7,3.4,-2.4,6,1.3,-0.4,-5.2,4.2,1.8,-0.8,-5.2
"ssp126",2049,-0.9,0.3,-1.8,-0.6,3.1,2.7,0,0.2,-1.1,0.3,-1.2,-2,2.4,1.2,1.4,-2.7,1.6,0.7,-1.3,-2.7
"ssp126",2050,0.1,4.6,1.5,-3.4,1.9,0.1,0.7,3.4,0.9,2,1.1,-1,4.8,1.6,-3.2,-5.7,-0.2,2.3,-2.1,-5.7
"ssp126",2051,0.4,2.6,-4.3,-0.5,0.6,2.6,-2.3,1.9,-0.8,3.9,4.7,-0.7,3.1,-0.1,-2,-0.7,5.6,2.5,-0.5,-4.3
"ssp126",2052,1.4,3.3,4.4,-2.2,-0.4,1.3,0.4,2.8,0.3,4.9,2,-3,-0.3,1.3,-0.5,-2.2,-0.5,1.3,-3.2,-3.2
"ssp126",2053,-2.4,3,-1.5,-2.8,2,0.8,-1.2,-0.4,-0.3,2.8,4,0.9,6.2,-0.1,3.2,-4.4,3.5,1.9,1.7,-4.4
"ssp126",2054,0.1,4.6,0.8,-0.4,2.9,4.2,0.1,2.1,1.5,0.5,0.6,-2.7,4.4,1.7,2.2,0,0.7,1.5,-3.5,-3.5
"ssp126",2055,1.2,3.8,-1.1,-0.5,-0.2,0.9,-4.5,2.1,0.9,3.4,-3.1,-3.6,6.9,3.7,4,-1.2,1.1,-1.1,0.5,-4.5
"ssp126",2056,-0.9,1,-2.3,-2.6,1.7,-2.8,0.2,0.6,1.5,0.6,1.4,-1.7,7.8,3.3,2.8,-5.1,5.1,1.8,-1,-5.1
"ssp126",2057,1,3.8,0.7,0.9,2.4,1.1,0.7,1.3,0.5,4.2,0.9,-0.9,3.7,-1.3,2.4,-1.5,6,1.9,1,-1.5
"ssp126",2058,0.9,4.4,1.8,-2.7,0.2,3.4,-1.3,1.6,1.3,5.3,0.3,-0.3,5,0.2,-0.6,-0.5,4.8,0.6,-0.1,-2.7
"ssp126",2059,0.2,-4.9,-1.2,-1.3,-0.5,2,2.9,3.8,1.5,2.3,2.4,-2.8,2,1.6,3.4,0,3.7,3.4,0.9,-4.9
"ssp126",2060,0.2,4.1,2.4,-3.3,-1.1,3.5,-1.7,2.1,-0.7,0.6,2.6,-0.7,2.8,-1.8,2.3,-0.3,3.2,-0.3,0.2,-3.3
"ssp126",2061,1.4,7.1,-1.2,-5.4,-0.5,3.2,-2.2,0.9,0,1.3,-0.4,-2.7,3.2,0.3,2.6,-4.1,1.4,-0.2,2,-5.4
"ssp126",2062,0.7,7.6,2.5,-1.2,0.4,3.2,0.6,3.4,0,3.5,6.1,-4.3,3.6,2.6,3.3,0.1,1.1,1.7,0.8,-4.3
"ssp126",2063,0.1,-0.6,1.2,-3.6,-0.1,-0.7,-0.2,1.7,0.1,4.5,4.1,-1.3,8.7,-1.7,3.1,-3.6,6.7,-7,0.4,-7
"ssp126",2064,-0.2,5.2,-1.7,-1.8,-0.3,0.8,-1,0.5,-2.7,3.2,5.7,-1.9,4.4,1.5,6,-7.1,5.7,0.8,-1.4,-7.1
"ssp126",2065,-1.9,6.7,-2.2,0.5,1.8,1.3,-4.5,-0.8,2.2,-0.1,2.5,-3.6,6.5,-2.3,-1.5,0.1,4.2,-1,-1.1,-4.5
"ssp126",2066,-0.6,4,3,-2.3,-0.3,0.5,0.5,-1.6,-0.4,4.8,4.1,-0.9,3.5,-2.1,1.5,-0.5,3.2,-2.2,-0.7,-2.3
"ssp126",2067,1.8,2.8,-1.3,0.8,2.7,-0.1,1.5,2.8,-0.4,-1.7,3.2,-2.6,6.1,3.9,3.9,-4.3,5.6,-2.9,2.3,-4.3
"ssp126",2068,0.4,4.2,0.6,-1.9,0.1,2.8,-3,3.1,1.3,-1.2,3.2,-1.3,6.1,-1.6,-3.9,0.3,5.7,3.6,0.4,-3.9
"ssp126",2069,0.9,1.7,-2.8,-0.8,1.7,2.1,-0.7,0.5,0.1,0.7,5.1,0.2,5.5,1.5,4.3,-5.9,2.7,-1.1,0,-5.9
"ssp126",2070,1.3,3.1,-6.3,-0.9,2.7,3.4,-0.4,2.6,-0.8,3.4,4.2,-1,2.3,1.2,4.4,-1.4,2.4,-0.1,1.2,-6.3
"ssp126",2071,1.2,1.7,4.4,-3,0.1,3.1,-2.5,3.8,0.3,2.4,-0.8,-1.1,1.9,3.4,3.9,0.2,3.1,-1.6,0.6,-3
"ssp126",2072,0.5,4.5,1.2,-1.6,2.4,2.8,-1,1.3,0.5,0.1,3,0.3,5.8,-1.3,3,-2.3,4.4,-0.7,-2.1,-2.3
"ssp126",2073,0.4,4.8,0.7,-1.1,1.7,0.6,1.2,3.3,-1.6,6.3,5.4,-0.6,7.7,-1.2,2.6,-3.3,4.8,0.9,-1.1,-3.3
"ssp126",2074,1.3,6,3.7,-0.7,1.8,1.7,-0.6,1.5,0.7,2.9,1,-2.3,6.2,2.6,1.6,-2.2,5.3,1.5,2,-2.3
"ssp126",2075,0.8,0.6,-0.8,-0.6,2,1.2,0.5,2.5,-0.2,1,5.6,-4.5,1.8,0.6,3.4,-2.5,3.8,0.1,-1.7,-4.5
"ssp126",2076,0.2,1.9,0,0.7,0.3,-1.2,-2.4,0,0.3,6.4,4.6,0.4,4.8,0.3,4.3,-3,6.7,1.3,1.1,-3
"ssp126",2077,1,5.4,1.3,-2.6,2.7,4.2,-0.1,0.9,-1.3,1.9,-0.3,-1.8,0.2,2.4,3.3,-2.7,5.6,1,-2.2,-2.7
"ssp126",2078,-1.2,4.6,3.5,-3.1,0.2,4.4,1,3,-1.3,-0.1,-2.6,-0.9,5.2,-1.7,2.9,-1.3,1.9,-0.7,-0.3,-3.1
"ssp126",2079,0.5,0.9,-2.2,-0.7,2.4,2.4,1,3.8,1,-0.8,0.8,-4.4,5.5,-0.3,2,-2.9,4.4,-1,-2.8,-4.4
"ssp126",2080,0.5,1.2,0.7,-1.4,1.8,3.1,0.4,5,-0.6,3.6,5.1,0.1,5,-1.5,3.5,-0.3,5.2,-3.4,-1.9,-3.4
"ssp126",2081,-0.7,0.9,-3.3,-1.4,-0.8,1.9,-1.6,3.1,0.5,3.1,3.4,-3,5.3,1.2,-3.1,1.4,0.7,-1.4,-1.5,-3.3
"ssp126",2082,1.5,-0.5,-1,-1.8,0.4,2.4,-2.6,3.4,0.3,2.4,4,-4.7,3.3,-0.2,0.4,1.1,-4.2,2.7,0.4,-4.7
"ssp126",2083,0.6,3.9,-1.1,-2.1,1.2,2.6,-1.4,2.3,-0.7,0.6,5.4,0.6,6.8,-0.4,1.6,0.7,1.3,1.4,-0.8,-2.1
"ssp126",2084,2.3,6.9,1.2,0.4,0,4,3.6,1.6,-0.8,5.4,-3.6,-4.3,4.8,0,5.1,1,5.6,1.8,-1.7,-4.3
"ssp126",2085,1.1,-0.8,-1.4,0.5,1.1,0.6,1.7,-0.7,0.5,6.2,1.3,-1.2,5,-1.2,1.3,-0.5,1.3,-0.4,-0.9,-1.4
"ssp126",2086,0.3,4.4,-2.8,-1.6,1.2,4.3,-1,3.5,1.1,1.8,4.4,-1.6,3.1,2.4,3.4,-1.4,2.8,-1.5,0.5,-2.8
"ssp126",2087,-0.4,0.6,-2.8,0.3,3.1,3.5,-0.5,2,-0.3,4.4,-6,-1.9,2.1,-0.4,5.5,-3.1,1.4,0.9,0.4,-6
"ssp126",2088,0.8,2,0,-3.4,0.6,3.8,-2.8,-1.2,0.6,-0.8,3.6,-0.9,6.4,0.1,2.2,-0.7,1.7,0.5,-1.5,-3.4
"ssp126",2089,1.2,-1.3,1.8,-0.2,0.5,4.1,-0.3,2.6,0.5,5.2,1.2,0,2.8,0.1,5.1,-2.3,-0.3,-0.6,-0.2,-2.3
"ssp126",2090,0.5,4.7,-1,-0.5,2.5,2.8,1.1,1.7,-1.8,2.1,0.5,-0.7,2.7,0.3,-1.9,-1.3,3.3,-2.9,-0.6,-2.9
"ssp126",2091,0,7.7,-1.2,0.4,1,3,2,1.7,-1,2,-1.6,-2.4,7,2.8,-0.6,0.1,3.1,-2.9,-1.6,-2.9
"ssp126",2092,0.3,-0.3,0.1,-0.8,0.7,1.6,-1.1,-0.9,0.4,-0.4,1.4,0.1,4.7,-1.2,1.4,-0.6,4.1,4,-4.7,-4.7
"ssp126",2093,-0.7,-3,4.5,-4.9,3.7,2.1,0.5,-0.1,-0.4,7.2,-1.5,-4.7,5.4,-0.5,2.5,-2,1.6,0.2,2.3,-4.9
"ssp126",2094,1.2,3.2,-3.8,-3.1,2.8,2.6,0.6,4.3,0.9,4.6,0.8,-3.5,3,0,5.3,-1.3,2.8,0.9,-0.7,-3.8
"ssp126",2095,-2,2.2,-1.9,-0.3,1.1,2.2,-3.3,-0.4,-0.3,1.6,2.2,1,4.2,1.8,1,-0.3,1.5,0.3,-1.7,-3.3
"ssp126",2096,1.5,2.5,-0.6,-0.3,0.9,3.2,2,0.1,0.9,-0.8,0.4,0.7,9.7,-1.5,1.1,-4,3.8,-0.7,0.1,-4
"ssp126",2097,0.8,6.9,1.2,-2.6,2,2.2,-2.8,2.9,1.5,4.7,0.9,-0.3,5.4,-3.1,1,1.2,1.3,0.2,1.3,-3.1
"ssp126",2098,1.1,5.6,1.2,0.3,-2.1,3.2,-0.4,3.6,-0.7,0.9,-1.2,-2.1,3.7,-7.1,3.3,-3.3,5.3,2.4,1.5,-7.1
"ssp126",2099,1.2,3.7,-0.4,-0.1,2,1.9,-2.7,2.7,1.2,1.9,2.4,-0.5,5.8,0,0.4,-0.7,3.7,0.5,1.1,-2.7
"ssp126",2100,0.1,3.1,2.8,-0.7,-0.8,2.1,1.3,2.8,0.4,-2.9,2,-1.7,1.9,-0.9,0.9,-1.6,2.8,-0.5,1,-2.9
"ssp245",2015,-2.3,0.5,1.3,-2.1,-0.1,3,-1.1,-1.8,-3.8,1.6,-0.7,-0.1,3.3,-0.1,1.5,-6.9,2.2,-0.8,-3,-6.9
"ssp245",2016,-0.1,-4.1,-3.7,-4.4,1,2.7,-1.7,-0.5,-1.8,-3,-0.1,-4.3,3.4,0.3,2,-4.5,1.9,0.1,-0.2,-4.5
"ssp245",2017,-0.4,1,-1,-6.8,-0.5,-1.1,-4,1.6,-4.3,0.6,1.8,-3.1,1.9,2.3,-1.9,-1.6,4.8,-4.5,-5.9,-6.8
"ssp245",2018,-1,2.5,0.8,-2.6,0.4,0.5,-2.9,-0.2,-1.8,1.2,1.5,-3.6,4.3,3.8,1.3,-4.5,3.8,-5.1,-1.2,-5.1
"ssp245",2019,0,2.8,1.4,-3.4,0.6,-0.2,-0.8,0.7,-3.4,-1.2,-0.5,-2.8,5.2,-0.8,1.7,-3.2,-1.9,-0.5,-0.5,-3.4
"ssp245",2020,-0.3,0.1,1.3,-1.5,0.8,0.9,-1.6,-1.2,-2.5,0.8,-3.1,-1.8,3.7,-1.5,-0.2,-3.4,-3.8,-2.3,-1.3,-3.8
"ssp245",2021,0.5,6,-2.4,-1.1,1.9,1,-0.8,0.3,-2.4,-0.3,1.3,-2.3,1.2,-2.5,0.5,-2.7,-1.1,-4.1,-1.9,-4.1
"ssp245",2022,-0.1,3.5,0.5,-2.7,-0.5,0.5,-1.7,0.1,-1.4,2,1.4,-2.4,4.9,2.6,3.8,-6.5,2.2,1,-2.2,-6.5
"ssp245",2023,0.8,-3.4,-0.4,-3.8,-1.8,1.4,-2,-2.6,-4.5,4,1.3,-2.9,7.7,-1,1.4,-3.8,3,-3,-3.3,-4.5
"ssp245",2024,-0.8,1.3,-0.3,-1.5,1.7,2.1,0.1,0.1,-2.2,1.8,2.4,-2.7,2.9,-0.6,1.1,-3.6,0.1,-2.1,-5.7,-5.7
"ssp245",2025,-0.5,-0.3,-3.5,-3.5,-0.9,0.6,-5.3,-0.4,-2.5,0.2,-1.2,-1.3,5.1,2.8,4.3,-4.1,3.4,-0.5,-2.1,-5.3
"ssp245",2026,-1.8,-2.8,0.7,-2.5,1.5,1.7,-4.3,-0.4,-2.8,1.4,-1.3,-2.7,4.6,1.2,1.7,-3.3,3.1,1.4,-0.1,-4.3
"ssp245",2027,-0.4,-1.4,-2.8,-2.6,1.7,0.5,1.5,-0.2,-2.6,-1.6,1.7,-4.3,5.4,3,0.7,-1.1,4,-0.1,-1,-4.3
"ssp245",2028,-1,-2.8,0.8,-1.7,0.7,1.1,-2,2.1,-2.1,0.5,0.3,-2.1,6.9,2.6,0.6,-2.7,4.1,1.2,-1.4,-2.8
"ssp245",2029,-0.8,3.6,2.1,-0.2,0.8,2.5,-4.2,0.4,-2.7,4.7,3.8,-3.1,7.9,2.3,2.2,-0.7,3.2,-2.6,-4.3,-4.3
"ssp245",2030,-1,-1.1,2.9,-1.8,1.4,1.8,1.8,-1.3,-2.6,3.8,-2.6,-3.6,5.8,3,0.6,-1.5,-1.4,-3.7,0.5,-3.7
"ssp245",2031,-0.9,7.3,0.1,-3.7,-0.2,2.9,-3.6,-3.7,-2.5,-0.4,3.7,-2,4.5,4.3,-0.4,-2.3,4.9,-0.7,-4,-4
"ssp245",2032,0.2,8.1,-0.2,-2.3,1.4,2.4,-0.8,0.8,-0.5,2.6,-0.1,-1.6,3.1,2.4,3.7,-1.8,2.5,-2.4,-0.3,-2.4
"ssp245",2033,1.1,7.2,-0.9,-1.2,1.3,3.1,-2,-2.2,-3.6,1.7,1.2,-3.8,7.1,3.2,4,-1.7,-0.1,2,-2.1,-3.8
"ssp245",2034,-1.8,-3.9,-0.7,-1.6,2.2,-2.5,-1.9,-0.9,-4.1,1.8,0.7,-1.3,4.3,4.7,-3.6,1.2,1.3,-1.5,0.2,-4.1
"ssp245",2035,-0.5,3.2,-1.6,-3.1,1.9,-1,-4.8,-1.4,-1.9,2.9,-2.4,-5.2,2.1,0,2.6,-4.9,1.9,0.4,-3.7,-5.2
"ssp245",2036,0.8,6.1,1.5,-1.1,3.2,1.6,-2.7,2,-2.6,-0.6,2.7,-1.9,3.1,5,-1.2,-7.5,3.4,-1.3,-2.1,-7.5
"ssp245",2037,0.4,-0.7,0.5,-2.4,0.9,2.8,-2,0.9,-0.7,1.8,-3.5,-2,1.8,3.4,-3.5,-5.9,4.3,-0.1,-1.5,-5.9
"ssp245",2038,0.5,4.7,2.3,-1.8,1.8,1.6,-2,0.7,-1,-2,-8.4,-2.2,6.2,5,4.7,-1.7,2.4,1.3,-0.1,-8.4
"ssp245",2039,-0.5,0.9,2.1,-0.6,1.9,2,0.9,-1.7,-3.5,0.9,-0.9,0.2,4.6,6.8,4,-4.3,3.8,-0.2,-2,-4.3
"ssp245",2040,1.1,6.1,-4.6,-0.6,2.5,0.2,-1.6,0.5,-5.5,2.2,3.7,-3.6,7,1.9,-0.9,-4.1,4.4,0.9,-1.6,-5.5
"ssp245",2041,-2.6,5.2,3.2,-2.1,0.8,2.2,-1.7,-1.3,-3.6,2.8,4.7,-0.8,3.9,-1.1,2.5,-1.3,3.5,-0.2,-1.2,-3.6
"ssp245",2042,-1.1,5.6,-0.2,-4.5,-0.3,3.6,-2.6,0.6,-2.2,-1,2.5,-2.1,6.5,-0.2,0.9,1.4,2.1,-3.5,-2,-4.5
"ssp245",2043,0.5,-0.7,-0.6,-5.4,1.1,1.4,-0.9,-1.6,-1.8,2.6,2.8,-3.3,1.4,3.9,0.2,-0.4,1,0.6,-0.1,-5.4
"ssp245",2044,-0.6,2.3,3,-1,2.1,1.4,0.7,-1.5,-1.4,1,0.7,-0.8,4.3,5.3,-2.9,-1.8,-0.3,-1.4,-1.3,-2.9
"ssp245",2045,0.4,3.2,-1.3,-2.4,0.4,3.4,-2.8,-1.1,-2.7,2,-3.3,-7.3,5.3,3.8,1.8,0.5,4.2,0,-4.3,-7.3
"ssp245",2046,0.7,8.2,0.5,-3.3,1.8,2.7,1.1,1,-1.3,1.4,0.5,-0.4,4.5,-0.7,-0.7,-2.1,4.5,1.5,-0.9,-3.3
"ssp245",2047,0,4.1,1.3,-1.3,-0.9,3,1.1,1.4,-4.4,-2.5,-1.1,-4,4.6,3.7,0.6,0.5,1.4,-0.1,0.6,-4.4
"ssp245",2048,0,6.5,-3.7,-2.7,-0.2,1.3,0.6,1.2,-2.4,1.6,2.7,-3.3,4,5,2.6,-1.7,3.9,0.4,-1.3,-3.7
"ssp245",2049,1.2,3.8,1.9,-3.3,-0.4,2.6,2,1.1,-2.3,4.3,2.8,-1.5,2.9,6,3.5,-6.2,2.6,0.2,-2.2,-6.2
"ssp245",2050,-0.2,3.7,4.1,-2.7,0.4,0.9,2.7,-0.2,-1,2.6,3.5,-1.5,7.3,0.8,3.3,0.4,6.2,0.5,-0.2,-2.7
"ssp245",2051,1.4,0.4,3.6,-0.7,2.3,4.1,-0.1,-1.3,-1.5,1.2,0.2,-2.6,4,-0.3,4,-5,2.6,0.8,-3.5,-5
"ssp245",2052,1,0.6,0,-0.1,2.1,1.8,0.6,1.9,-0.3,4.5,3,-0.9,4.4,3.8,5.3,-2.2,4.6,-0.3,-0.7,-2.2
"ssp245",2053,0.8,-2.6,-0.1,-2.2,2.2,1.3,0.1,3.4,-1.6,0.8,1.3,-1,2.7,1.7,1.9,-3.2,4,-3.5,-0.9,-3.5
"ssp245",2054,2.7,4,-1.3,-2.5,2.8,1.9,1.7,2.3,-3.1,4.1,2.3,-2.2,3.8,2.6,6,-1.2,1.7,-1.6,-2,-3.1
"ssp245",2055,1.4,-1.4,2.6,-1.4,1.7,2.9,-1.8,1.4,-0.9,1.4,-2.1,-2.6,6.3,3.7,2.8,-1.2,4.4,0,0.4,-2.6
"ssp245",2056,-0.1,3.5,1.3,-4.8,3.1,1.9,-0.3,-0.7,-2.1,1.7,1.3,-2.1,5.9,1.4,2.3,-2.4,1.9,0.8,0.5,-4.8
"ssp245",2057,-0.6,8.1,-6.6,-1.6,2.3,2.5,1.8,0.5,-2.1,0.1,1.6,-2.1,2.8,-1.8,0.2,-1.1,5.5,-0.1,1.6,-6.6
"ssp245",2058,0.9,1.9,4.9,-1.3,0.3,2.9,0.6,1,-0.1,6.2,2.7,-5,4,3.7,2.5,-0.9,3.1,0.2,0.3,-5
"ssp245",2059,2.1,3.2,3.9,-1.4,2.2,2.3,1.1,0.1,-2.2,5.2,1.8,-1.2,7.1,5.2,3,-0.9,6.3,0.8,1.5,-2.2
"ssp245",2060,-0.7,-1.2,2.3,-0.1,1.3,3.1,0.6,1.2,0,-0.2,3.7,-0.5,6.1,4.2,4,-3,3.4,0.2,-4.5,-4.5
"ssp245",2061,1.4,1.9,0,-0.2,1.1,3.1,-0.7,0.4,-1.7,3,-2.4,-1.8,3,2.3,4.5,-1.4,3,1.8,-1.2,-2.4
"ssp245",2062,1.2,4.4,1.9,0,1.8,1.4,0.2,0.6,-1.7,5,3.6,-4.1,3.7,0.7,2.5,-2,4.2,1.6,0.1,-4.1
"ssp245",2063,1.3,-2.6,-0.8,-1.4,1.7,0.2,1,-2.9,-2.1,0.3,3.1,0.5,4.5,2.8,5.3,-0.8,6.7,-0.2,-1.4,-2.9
"ssp245",2064,1,-1.2,-2.7,-1,2.4,2.7,-0.8,0.4,-3.2,1.5,-1.9,-3,6.3,-0.4,2,2.1,3.5,-3,2.3,-3.2
"ssp245",2065,-0.1,1.8,5.3,0.8,0.1,2.3,-3.6,0.7,-2.3,6.3,1.7,-3.2,5.3,0.4,3.4,1.6,5.1,0.6,-1.3,-3.6
"ssp245",2066,1.1,4,3.4,-0.2,2.8,4.7,0.1,2.2,-1.2,2.9,0.8,-0.9,5.5,3.8,3.8,-2.5,4,1.9,-2.2,-2.5
"ssp245",2067,0.9,6.3,1.7,-0.9,0.5,2.6,-2.9,1.7,-1.6,4.2,5.2,-2.2,4,0.8,3.4,-3.6,4.4,-1.1,0.9,-3.6
"ssp245",2068,2.5,1.6,0.1,0.2,3.3,1.8,-2.1,1.6,-3,1.8,4.8,-2.2,2.7,2.6,1.1,2.2,0.6,1.7,2.8,-3
"ssp245",2069,0,5.4,-1.2,-1.8,3.5,4.6,-3.9,0.3,-1.7,6.8,3.2,-2.8,8.3,3.1,3.6,-1.3,3,2.2,-3.2,-3.9
"ssp245",2070,0.7,5.7,0.3,1.3,2.1,5.3,0.3,0.2,-1.9,1.8,6.3,-2.2,4.4,3.1,5,-1.2,5.3,4.7,3.9,-2.2
"ssp245",2071,0.7,9.2,-3.7,1,0,3.7,1,-0.4,-0.9,-1.4,6.2,-0.4,4,5.7,1.3,-3.6,0.9,1.6,0.5,-3.7
"ssp245",2072,0.9,0.1,2.7,-1.2,2.9,3.1,-0.3,2.2,0,4,0.7,-0.9,5.7,3.7,2.2,-0.8,4.8,1.9,-0.1,-1.2
"ssp245",2073,1.1,1.4,1,0.6,1.7,3.7,0.6,-1,0.1,5.7,0.6,-3.8,6.6,6,4.4,-1.7,1.5,0.2,0.9,-3.8
"ssp245",2074,0.5,0.1,3.1,-1.4,0.3,2.9,2.7,1,-1.4,4.5,4.4,0.8,4.6,2,4,-1.9,-1.7,-4.3,1.9,-4.3
"ssp245",2075,1.6,0.6,-1.2,0.2,3.5,4.3,-0.5,2,-2.1,2.7,4.2,-2.9,1.5,1,1.9,1.3,0.2,1.5,1.4,-2.9
"ssp245",2076,0.6,3.4,3.2,0.8,2.1,2.6,-2.1,1,-0.8,-0.8,3.1,-3.5,7.4,2.9,2.1,-0.2,6.6,-2.9,1.2,-3.5
"ssp245",2077,1.3,2.7,2.9,-0.1,0,1.9,1.8,1.1,-2.7,4.3,2.1,1.5,6.7,0.9,2.9,-0.2,4.9,3.6,0.8,-2.7
"ssp245",2078,-0.1,5.3,2.6,1.4,2,3.2,0.3,1.7,-1,4.6,4.2,-0.4,5.4,1.5,2.1,2.1,1.9,2.2,-0.1,-1
"ssp245",2079,1.3,3.9,1.9,-1.5,2.9,3.2,2.4,-1,-3,5.3,6,-2.8,5.6,4.3,2.5,0.9,4.1,1.8,0.2,-3
"ssp245",2080,1.2,3.2,-0.4,-1.2,2.6,3.8,-0.3,-0.4,-2.3,6,-4.3,-3,6.7,5.1,3.5,-3.9,0.7,-0.7,1.5,-4.3
"ssp245",2081,0.8,2.2,2.5,-0.4,2.4,2.3,0.9,-1,-2.6,0.9,2.3,-0.7,4.1,1.1,1.1,0.6,6,-0.1,-1.1,-2.6
"ssp245",2082,0.8,0,0.5,0,1.2,4.8,2.5,0,-0.2,2.9,3.9,0.4,6.4,5.8,3.3,-0.6,2.2,2.3,2.2,-0.6
"ssp245",2083,0.2,1.2,-1.3,1.6,1.4,4.3,-0.9,1.9,-0.9,6,-0.9,-2.5,5.6,7.3,3.1,-0.6,6.3,1.2,1.6,-2.5
"ssp245",2084,0.7,1.3,0.6,-1.7,4,4.1,-1,0.8,-0.9,2.5,5.6,-0.3,6.1,4.2,4.2,-0.2,6.6,0.6,0.9,-1.7
"ssp245",2085,0.2,7.3,0.5,0,4.7,4.4,-1.3,1,-2.4,6.8,0.7,0.5,7.5,-0.5,-1.5,-1.8,8.3,-0.4,-1.2,-2.4
"ssp245",2086,1.4,7,1.4,-1.5,0.4,5.6,-3,1.4,0,3.8,5.6,-1.3,8.1,-2.4,4.2,-2,5,1.4,-3.2,-3.2
"ssp245",2087,-0.4,0.6,-1.6,1.9,2,5.3,1.9,-0.8,-0.8,2.5,1.5,-1.8,7,5.5,1.6,0.3,6,1.6,-0.7,-1.8
"ssp245",2088,2.7,4.7,1.2,-1.3,3,3.9,0.1,-1.1,-3.9,2,-0.4,-2,0.6,7.7,8.2,-2,5.3,2.7,-3.7,-3.9
"ssp245",2089,2.4,1.1,2.2,1.4,3.1,3.2,1.3,0.8,-0.9,5.6,2.3,1.2,6.3,6,4.7,0,-0.1,0.1,2.1,-0.9
"ssp245",2090,1.4,6.3,0.4,1.1,2,3.5,1.2,-1.9,-2.3,0.4,5.6,-0.9,4.9,2.4,4.9,-4.4,3.7,3.4,-2.6,-4.4
"ssp245",2091,1.7,3.1,2.3,-1.6,3.3,2.1,1.5,1.6,-4.7,4.8,2.6,-0.5,7.2,4.4,2.1,-2.7,6.3,0.1,0.8,-4.7
"ssp245",2092,2.2,6.4,1.7,-0.1,2.2,2,1.9,0.1,0.3,4.1,3.2,-0.6,5.5,7.6,3.8,-1.4,1.9,1.4,1.9,-1.4
"ssp245",2093,-0.7,10.3,-2.7,-3.7,1,3.5,-3.1,1.5,-1.2,3.1,1.3,-0.4,1.9,8,4.3,-1,4.9,1.5,0.3,-3.7
"ssp245",2094,3,2.5,2.2,1.7,2.2,3.5,1.5,2.6,-1.5,6.1,-0.3,1.2,7.9,4.1,2,-0.1,3.5,-1.6,-1.4,-1.6
"ssp245",2095,1.4,3.2,4.5,-2.5,3.5,4.4,1,-0.2,-0.8,3.7,1.2,-1.2,6.8,1.8,0.2,-2.6,1.9,3.7,1.3,-2.6
"ssp245",2096,1.6,3.9,-0.2,-1.1,2.9,2.6,2.3,1.6,-4,3.6,6.3,0.6,6.1,2,3,1.9,4.1,0.8,3.2,-4
"ssp245",2097,3.2,-1,3.1,-1.8,2.1,5.1,-0.3,2,-1.5,-0.9,4.5,-2.8,5.4,6.7,1.3,0.4,4.9,1.6,2.4,-2.8
"ssp245",2098,1.8,4.4,1.5,1.2,3.6,5.1,1.4,0,-0.5,4.5,2.3,-0.7,5,4.8,-2.1,-0.2,4.8,1.8,1,-2.1
"ssp245",2099,1.9,-0.6,5.2,1,1.6,3.6,-0.4,0.1,-1.8,6,3.1,-0.4,8.2,6.1,4.1,1.2,4,3.1,1.1,-1.8
"ssp245",2100,2.3,8.8,7.8,1.2,3.7,4.2,1.7,1,-2.6,5.2,5.5,2.3,9,2.2,4.2,-3.1,5.3,1.6,3.7,-3.1
"ssp370",2015,0.5,2.3,-1.7,-3.5,-2.4,1,-4.4,-0.8,-0.7,NA,-1.1,-3.2,5.6,1,-1.4,-4.4,-1.2,NA,-3.1,-4.4
"ssp370",2016,0.2,7.4,-0.2,-2.8,0.8,1.7,0,4.5,-0.1,NA,0.4,-3.7,4.5,2.2,-3.7,-4,0.5,NA,-1.5,-4
"ssp370",2017,-1.1,1.1,-3.9,-2.8,1.2,0.3,-1.8,0.8,-2.9,NA,-0.2,-3,-1.8,-1.2,-0.3,-1.6,1.5,NA,-3.8,-3.9
"ssp370",2018,0,0,-0.4,-3.6,2.2,0.4,-0.6,2.6,-3.3,NA,-3,-1,5.1,-0.1,0,-7.7,0.6,NA,-2.5,-7.7
"ssp370",2019,-1.5,-5.5,-1.5,-3.8,2.2,0.8,-4.5,0.9,0.1,NA,-1.8,-1.7,0.6,2.4,-1.1,-3,0.2,NA,-2.2,-5.5
"ssp370",2020,1.3,7.7,-2.9,-3.3,1.9,0.9,-2.9,0.1,-4.2,NA,-2,-2.9,4,1.3,-0.8,-5.7,1.8,NA,-1.8,-5.7
"ssp370",2021,-1.2,3.7,0.8,-1.8,0.4,1.2,-2.8,-0.6,-1.9,NA,-1.2,-2.8,7.1,0.2,-1.1,-0.2,1,NA,-3.9,-3.9
"ssp370",2022,-0.4,7.1,1.8,-1.4,-1.4,-0.3,-1.2,0.9,0.1,NA,-3.3,-3.8,4,-0.5,-3.6,-5.9,-0.5,NA,-2.1,-5.9
"ssp370",2023,-2.7,-2.9,2.2,-4.1,2.2,2.2,-2.7,-0.2,-1.1,NA,-0.9,-2.8,5.1,4.4,-1.8,-2,1.4,NA,-4.2,-4.2
"ssp370",2024,0.1,-7.4,2.2,-2.6,-1.2,-2.4,0.8,1.5,-3,NA,-2.1,-4.3,5.3,6.1,-3.6,-1.2,0.7,NA,-2,-7.4
"ssp370",2025,-0.2,-4.7,2.9,-1.6,1.9,0.7,-3.1,3.1,0.7,NA,-4.2,-2.7,2.5,1.2,-5.2,-0.7,1.3,NA,0.6,-5.2
"ssp370",2026,-1,5.5,-3.3,-1.9,3.2,-0.2,-4.8,3,0.6,NA,-1.6,-2.6,7,3,-5.6,-1.7,1.3,NA,-4.8,-5.6
"ssp370",2027,0.6,-2.5,4.4,-2,1,1.3,-1.4,1.6,-0.4,NA,-3.2,-2.3,4.6,2.9,-3.9,-4.6,0.4,NA,-1.6,-4.6
"ssp370",2028,0.9,-2,0.2,-2.6,3,4.1,-0.6,-0.9,0,NA,-3.7,-2.8,4.4,1,-1.2,-0.6,1.1,NA,-4.7,-4.7
"ssp370",2029,-1.7,3,1.2,-3.1,-0.8,0.7,-1.4,-0.6,0.6,NA,-2.8,-4.3,4.7,0.9,1.4,-3,0,NA,-1.7,-4.3
"ssp370",2030,-0.5,1.4,3.5,-2.8,1,2.3,-3.5,1.1,-1.4,NA,-2.4,-1.8,2.8,2,0.6,-2.5,-0.1,NA,-2.3,-3.5
"ssp370",2031,-1.2,0.9,-3.7,-1,0.8,2.8,-2.5,0.3,0.3,NA,-4.7,-3,4.6,3.4,-0.3,-3.7,-1.2,NA,-1.4,-4.7
"ssp370",2032,-0.5,1.3,-4.6,0.4,-0.8,2.5,1.6,-1.3,-1.3,NA,0.2,-2,7.4,-0.1,-2.1,-2.8,-4.1,NA,-1.4,-4.6
"ssp370",2033,-0.1,-1.6,2.3,-0.1,2.5,2.8,-2.8,-1.5,-1.9,NA,-3.6,-5.1,3.1,0.6,-0.2,-0.4,-2.8,NA,-0.5,-5.1
"ssp370",2034,-1.1,7.3,-2.6,-4.2,0.8,-1.1,-2.8,2.4,-0.6,NA,0,-3.1,-0.6,-1,0.5,-1.9,-1.5,NA,0.7,-4.2
"ssp370",2035,-1.5,7,0.2,-0.5,1.4,2.6,-1.8,-1.1,-0.8,NA,-1.3,-6.1,1,2.3,-1.2,-2.8,0.5,NA,-2.9,-6.1
"ssp370",2036,0.7,-2.3,0.1,-3,1.9,3.5,-1.8,1,-2,NA,-0.4,-2.1,5.7,2.3,0.5,-1.5,0.1,NA,-1.2,-3
"ssp370",2037,-0.1,3.1,1,-2.6,1.5,3.2,-4,-0.8,0.3,NA,-2,-4.4,3.3,2.9,0.5,-5.2,2.3,NA,-1.2,-5.2
"ssp370",2038,0.4,2.9,-0.4,-2,0.9,2.8,-2.2,2.9,-0.4,NA,-1.8,-2.1,5.4,4.5,0.7,-2.2,-1,NA,-1.6,-2.2
"ssp370",2039,0.1,0.8,0.7,-2.3,-1.4,3,-1.6,1.1,-0.7,NA,-0.6,-2.8,4.6,1.8,-0.1,-2.4,0.2,NA,-2,-2.8
"ssp370",2040,0.2,6.4,-0.8,-2.8,1.6,0.8,-3.4,-1.1,-2.1,NA,-5.5,-2,5.3,3.4,-0.7,-2.3,1.1,NA,-2.2,-5.5
"ssp370",2041,-0.7,1.4,-1.4,-1.7,2.1,1.4,-3.9,1,0.8,NA,-1,-2.4,7.3,3.2,-2.1,-0.7,3.7,NA,-1.3,-3.9
"ssp370",2042,-0.2,-2.9,0.6,-0.6,-0.4,0.6,-0.5,1.4,0.6,NA,-3.9,-1.8,5.4,-1.9,2.9,-3.1,2.3,NA,-1.5,-3.9
"ssp370",2043,0.3,5.8,-4.5,-1.1,3,1.1,0.5,-0.3,0.1,NA,-1.7,-3,4.9,2.2,1.1,-1.4,1.2,NA,0.1,-4.5
"ssp370",2044,0.9,4.2,-1.8,-1.7,0.5,2,-3.3,0.7,-3.1,NA,0.9,-7.7,4.4,3.2,2.8,-4,0.8,NA,-0.3,-7.7
"ssp370",2045,0,4.8,0.6,-1.6,2.8,1.9,2.3,3.6,-0.5,NA,0.7,-2,5.7,4.1,0,-1.2,2.6,NA,0,-2
"ssp370",2046,-1.5,9.5,2.1,-1.1,0.7,1.6,2.5,-5.8,-0.1,NA,0.1,-5.1,5.2,4,-3.9,0.1,0.5,NA,0.6,-5.8
"ssp370",2047,0.7,3.2,0.4,-1.5,3.1,1.6,1.7,-0.7,2.1,NA,1.4,-2.3,4.7,4,-0.4,1.3,-0.6,NA,-5.6,-5.6
"ssp370",2048,0.7,2.8,-2,-5.6,1.3,3.2,-3,1.6,-0.1,NA,0.5,-2.4,2.2,4,-1.5,-0.7,1.4,NA,0.4,-5.6
"ssp370",2049,0.9,8.7,0.2,-0.8,1.2,1.3,-0.8,2.4,-0.8,NA,0.2,-2.7,4,4.5,1.1,-0.5,-1.2,NA,0.4,-2.7
"ssp370",2050,0.7,2.4,1.5,-1.4,-1.4,1.9,0.2,-0.3,-0.5,NA,-4,-3.7,6.3,3.9,2.9,-1.8,1.8,NA,2.1,-4
"ssp370",2051,-0.7,2.9,-2.6,-2.6,1,2.6,0.1,1.5,-0.7,NA,0.9,-3.4,6.9,0.8,1.1,-0.5,0.7,NA,-0.7,-3.4
"ssp370",2052,-1.4,2,5.4,-1.8,1.1,2.3,-2.3,1.4,1.1,NA,0,-4.8,6.1,3.1,-1.8,0.9,0.4,NA,-1.3,-4.8
"ssp370",2053,1,11.2,3.4,-0.8,2.9,1.7,-1.8,1.7,1,NA,-2.7,-0.9,5.4,1.3,-1.3,0.2,0.4,NA,-1.1,-2.7
"ssp370",2054,0.5,7.7,1.2,-3.6,1.2,-0.7,-2.9,1.2,-0.9,NA,-0.4,-1.8,7.4,4.5,-1.8,0.8,2.9,NA,0.3,-3.6
"ssp370",2055,1.1,7.8,-1,-1.6,2,-1.3,-1,0.3,1.1,NA,-1.1,-1.8,6.8,0,1.7,-0.8,0.6,NA,1.4,-1.8
"ssp370",2056,0.7,-0.6,2.1,-0.4,0.8,2.4,-0.7,1.9,-3.7,NA,-3.5,-3.1,4,3.7,0,1.2,0.2,NA,0.4,-3.7
"ssp370",2057,1.7,1.7,3,-0.3,-0.3,1.9,2.2,3.6,0.3,NA,0.8,-4.7,4.9,6.9,1.3,-3.1,2.8,NA,-0.9,-4.7
"ssp370",2058,1,4.8,1,-1.2,2.8,4.6,0,0.8,0.6,NA,-0.6,-2.3,3.8,4.3,-1.8,-4,-1.5,NA,1.6,-4
"ssp370",2059,1.3,-1.3,0.6,0.4,1.1,-1.8,-1.2,2.7,-1.2,NA,-4.4,-3.3,5.6,1.8,0.8,-3.9,2.7,NA,0.4,-4.4
"ssp370",2060,0.1,1.7,-1.1,-2.1,0.8,0.2,1.1,1.4,0.5,NA,1.3,-1.2,3.4,5,1.3,-3.3,2.3,NA,-2.5,-3.3
"ssp370",2061,2.2,0.8,3.4,0.2,2.9,2.9,2.7,2.3,0.7,NA,-0.8,-2.6,5,6,-0.6,0.1,0.5,NA,0.4,-2.6
"ssp370",2062,-0.1,1.4,0.8,-0.6,0.1,3.2,3,3.4,0.7,NA,1.7,0.1,6.1,6,0.6,-0.2,1,NA,2.7,-0.6
"ssp370",2063,0.8,1.6,-0.6,-1.5,0.8,1.3,1.3,1.6,0,NA,0.1,-0.3,4.8,1.3,-0.1,-2,-0.2,NA,1.9,-2
"ssp370",2064,1.7,3.9,-2.2,-1.6,2.8,3.3,-1.3,3.8,2.1,NA,-2.9,0,6.1,4.7,-3.6,-1,0.2,NA,1.3,-3.6
"ssp370",2065,1.1,6,1.2,-0.1,2.4,3.5,-2.1,4.1,0.3,NA,-3.4,-2.1,5.6,5.8,1.6,0.8,0.8,NA,-1.5,-3.4
"ssp370",2066,-0.3,3.1,-0.9,-1.6,1.7,2.6,1.8,1.6,-0.6,NA,0.6,-0.4,6.8,1,0.8,-1,2.4,NA,1,-1.6
"ssp370",2067,2.3,0.2,1.2,0.7,1.8,3.1,-1.1,1.7,1.2,NA,-0.8,-0.5,7.2,5.3,2.4,3.9,1.5,NA,1,-1.1
"ssp370",2068,0.6,2.6,3.1,0.5,1.4,1.9,-1.3,0.1,0.3,NA,2,-0.9,2.2,0.3,1,-0.5,1.5,NA,-1.7,-1.7
"ssp370",2069,0.6,9.6,2,0.3,2.4,5.2,2.9,4.7,-0.3,NA,1.3,-1.7,4.1,0.9,-1,0.6,0.2,NA,1.1,-1.7
"ssp370",2070,0.1,3.8,-0.1,-0.3,1.1,3,2.5,5.2,-0.2,NA,0.7,-1.1,3.8,6.5,2.8,-0.5,1.8,NA,2.1,-1.1
"ssp370",2071,0.5,2,3.3,0.6,2.6,2.4,-3,3.6,-0.5,NA,1.7,-1.2,5.8,6.1,1.3,0.5,1.2,NA,2,-3
"ssp370",2072,0.2,5.7,1.4,0,1.5,4.5,-3.6,5.6,0.9,NA,-1.3,-0.6,6.2,-0.8,1.8,2.8,2.9,NA,2,-3.6
"ssp370",2073,0.9,10,3.8,-1.3,3.8,3.5,1.6,3.6,0.3,NA,0.1,0.7,4.2,6.3,2.3,3.3,1.3,NA,1,-1.3
"ssp370",2074,2.4,5.5,4.4,-1.4,3,2,1.4,4.1,-0.6,NA,3.7,-1.5,6.5,6.7,-2.2,2.6,1.4,NA,-0.1,-2.2
"ssp370",2075,-0.2,7.5,4,2.5,2.9,3.1,2.7,3.5,1.4,NA,-0.3,-0.5,9,2.9,-0.3,-1,2.7,NA,2.9,-1
"ssp370",2076,1.9,8.7,5,-2,2,3.7,1,3.1,-1.4,NA,2,-2.4,7.8,4.1,2.5,0.2,2.9,NA,0.4,-2.4
"ssp370",2077,0.1,7.9,4.4,0.2,-0.1,4.2,4.2,2,0.8,NA,2.9,-1.5,8,2.9,2.7,-1.3,2.2,NA,1.4,-1.5
"ssp370",2078,1.2,3,1.4,1.6,2.1,3.3,2.1,3.3,-0.1,NA,1.1,-0.9,6.1,3.9,1,1.2,3.2,NA,4.3,-0.9
"ssp370",2079,2.5,5.3,3.2,0.5,-0.3,4,1.2,2.3,0.1,NA,-4.5,-1.1,5.1,4.2,0.1,2.5,2.8,NA,1.4,-4.5
"ssp370",2080,1.7,3,4.4,3.5,2.6,3.2,1.3,3.1,-1,NA,0.9,-0.8,6.4,5.4,4.6,2.6,2.2,NA,1.1,-1
"ssp370",2081,0.9,1.4,5.7,0.2,2.9,4,0.3,5.8,1.9,NA,-1.4,-0.4,6.9,4.4,3.3,2.2,2.4,NA,2,-1.4
"ssp370",2082,2.2,5.9,1.2,1.2,3.4,3.5,2,4,0.5,NA,-0.5,1.2,3.6,5.3,1.5,-2.4,-3.3,NA,1.5,-3.3
"ssp370",2083,-1.9,12,2.7,1.1,2.8,4.7,-1.5,4.7,0.8,NA,1.4,0.2,4.3,4.4,-0.9,2.2,-2.3,NA,-0.2,-2.3
"ssp370",2084,1.5,8.6,0.7,2.5,4,4.7,0.2,1.3,1.3,NA,1,0.7,5.5,7.2,4.9,1.7,2.5,NA,0.4,0.2
"ssp370",2085,1.3,7.5,2.8,1.7,4.5,5.3,2.8,-0.7,1.9,NA,0.3,1.8,8.3,4.9,3.1,1.9,1.9,NA,0.8,-0.7
"ssp370",2086,1.6,4.1,2.7,0.7,3.5,2.8,2,4,0,NA,3,-1.7,8.4,6.1,4.4,0.8,2.8,NA,3,-1.7
"ssp370",2087,1.3,10,4.5,-1.4,0.8,4.1,1.1,1.7,0.5,NA,4.1,-0.7,5.1,1.2,2.3,0.2,3,NA,-0.2,-1.4
"ssp370",2088,1.8,7.9,2.8,0.4,3.9,4.4,5.6,2,2.1,NA,1,1,4.3,7.1,3.1,-0.7,0.7,NA,3,-0.7
"ssp370",2089,1.7,10.2,1.9,2.1,3.2,4.8,-2.1,3.7,1.6,NA,2.6,2.4,6.7,3.8,2.6,-0.7,4,NA,4.5,-2.1
"ssp370",2090,1.4,0.9,3.1,-0.6,3,3.1,1.7,3.7,2,NA,-3.9,1.7,7.3,2.5,-1.1,0.7,1.1,NA,5.2,-3.9
"ssp370",2091,0.2,4.1,-1.4,2.9,3.6,2.1,-1.1,3.9,0.1,NA,-1.1,2.4,4.5,7.1,0.8,0.2,4,NA,4,-1.4
"ssp370",2092,1.9,5.4,5.5,2.4,4.2,3.7,-0.9,2.4,1.1,NA,0.1,0.9,6.7,8.4,-0.1,-0.9,3.1,NA,4.7,-0.9
"ssp370",2093,0.9,4.4,1.9,4.5,5,4.8,1.2,6.9,-1.1,NA,1.2,-0.5,4.6,8.3,2.2,-0.8,3,NA,4.5,-1.1
"ssp370",2094,2.3,6.9,4.9,2.7,3.3,4.6,1.9,4.7,2.5,NA,3.6,0.8,5.8,0.7,2.8,-0.7,4,NA,7.1,-0.7
"ssp370",2095,2,2.4,7.1,0.3,2.8,4.5,-0.5,1.3,0.1,NA,2.9,-1.2,6.9,8.6,3.2,1,0.2,NA,1.6,-1.2
"ssp370",2096,3.2,2.5,3.4,1.9,4.8,6.5,2.1,3.4,-0.1,NA,3.2,0.6,3.7,8.1,4.5,4.5,2.1,NA,4.4,-0.1
"ssp370",2097,2.3,3,2.7,3.3,2.7,5.2,0.5,3.2,-3.4,NA,1.9,-1,9.9,5.3,1.2,-1.2,-1.8,NA,3.2,-3.4
"ssp370",2098,1.7,4.8,0.9,5,2.2,2.9,2.7,3.3,0.8,NA,0,0.6,6.5,1.6,4.4,0.2,2,NA,4.9,0
"ssp370",2099,0.8,5.7,3.8,-0.2,5.4,3.9,2.9,3.1,1.5,NA,-0.3,1.8,5.6,6.2,1.8,-0.8,-0.2,NA,4,-0.8
"ssp370",2100,1.6,8.2,2.6,0.4,3.5,6.6,2.6,4.2,1.7,NA,0.1,1.2,7.8,5.8,2.7,-2.2,1.2,NA,1.4,-2.2
"ssp585",2015,-1.2,4.7,-2.5,-9.1,1.2,2,0.5,1.4,-0.6,-1.4,-2.9,-0.4,4.7,-2.5,4.7,2.3,2,-7.4,0.1,-9.1
"ssp585",2016,-0.4,1.6,-1.9,-4.3,1.3,1.5,-1.5,-1.2,0,2.2,0.6,-5.8,3.4,-4,3.6,-1.1,3.4,2.7,-4.7,-5.8
"ssp585",2017,-0.6,3.5,-1.8,-1.5,2,1.7,-2.3,-0.2,0.7,-1.1,0.1,-4,-1.4,-0.2,2.6,-9.1,1.4,-2.5,-4.2,-9.1
"ssp585",2018,1,-0.4,0.1,-6.2,-0.2,3.1,-0.3,0.3,-0.6,-3.6,2.1,-3.1,3.2,1.6,2.8,0.2,4.2,2.6,-2.9,-6.2
"ssp585",2019,-0.7,3.3,0.9,-4.1,-0.8,2.4,-1.4,-0.8,1,1,2.6,-3.9,5.2,-0.2,4.1,1.6,4.8,-0.3,-4.1,-4.1
"ssp585",2020,-1.1,-6,2.9,-1.6,1.2,-0.8,-5.3,-1.1,0.8,0.9,-0.5,-3.1,5,-1.9,-1.5,-1.2,0,-3,-2.3,-6
"ssp585",2021,-1.2,-0.7,0.6,-2.3,3,2,0.6,-0.3,-0.6,0.3,5.1,-4.9,4.3,-1.4,4.9,1.7,2.2,-1.8,-2,-4.9
"ssp585",2022,0.1,3.7,2.8,-4.7,1.1,1.4,-2.8,2.4,1.6,-1.5,-0.5,-2.1,1.6,-1.7,4.1,1.9,1.5,-2.7,-0.2,-4.7
"ssp585",2023,-0.9,3.6,4,-6.4,1.2,3.2,0.2,-0.3,-1.3,-2,3.2,-3.5,7.6,-4.2,1,-1,2,-5.7,-0.9,-6.4
"ssp585",2024,-2.2,-3.4,1.6,-4.9,0.5,2.8,-2.1,-4,-0.9,-0.9,2.8,-3.4,5,1,3.8,0.2,3.9,-0.1,-2,-4.9
"ssp585",2025,-0.4,4,1.2,-2.3,1.1,1.8,-1.8,1.3,-3,-2.9,1.7,-0.7,-1.1,0.6,9,-4.3,6.1,1.1,-3.1,-4.3
"ssp585",2026,-1.1,5,-0.2,-1.2,2.8,2.3,-1.1,0.1,-1.3,-2.7,0.9,-3.6,5.3,0.6,-1.7,0.6,-0.8,0.9,-2.6,-3.6
"ssp585",2027,0.4,-3.8,2.2,-1.5,-0.2,0.5,-2.3,2.4,0.3,-1.1,1,-1.9,6.9,0.7,2.3,0,4.8,-1.3,-1.7,-3.8
"ssp585",2028,0,-0.1,-1.2,-1.8,1,2.6,-1.4,1.3,-1.7,-2,1.1,-1.1,1.1,-2.2,2.2,3.4,4.3,1.4,-2,-2.2
"ssp585",2029,-1.1,3.1,-0.9,-0.7,2,2.3,0.4,3,-0.6,-3.2,3.6,-0.2,6.8,-2,6.2,2.2,2.7,-0.7,-2.1,-3.2
"ssp585",2030,0.2,3.2,5.3,-3.4,0.8,3.3,-1.6,-1.2,0.4,-3.2,-0.1,-0.2,4.2,0.3,4.9,1.3,0.2,0.6,-0.1,-3.4
"ssp585",2031,-0.1,-2.9,2.1,-1.4,0.1,2.5,-0.8,2.7,-2.5,-0.8,2.2,-1.2,2.2,0.2,5.7,0.5,1.5,2.3,-1.5,-2.9
"ssp585",2032,0.8,5.3,0.9,-0.8,1.1,2.8,-0.9,1.2,0.6,-0.6,-0.4,-4.9,5.3,-2.2,2.9,1.3,1.4,0.4,-0.7,-4.9
"ssp585",2033,0.4,3.2,2.2,-1.6,1.7,0,-4,1.7,0.5,-0.8,-0.5,-4.3,4.7,2.7,6.9,1.1,3.2,0.8,-4.3,-4.3
"ssp585",2034,0.2,1.1,1.7,-3.2,2.2,2.3,-4.6,1.9,-0.3,0.7,0.1,-1.8,5.3,-1.6,-2.8,0.2,-0.1,0.7,0,-4.6
"ssp585",2035,-0.4,4.4,-2.3,-2.8,1,0.8,1,-3.7,-0.5,1,-2.4,-4.5,6.7,-1.5,4.1,1.3,3.3,-0.3,-4,-4.5
"ssp585",2036,1.3,-5.2,1.2,-0.9,0.9,1,1.5,2.7,0.6,-1.3,2.8,-2.4,6.3,-0.2,6,0.5,3.5,3,-3.5,-5.2
"ssp585",2037,1.8,-0.4,-2.8,-2.2,1,0.6,0.7,2.3,-0.4,0.3,2.1,-2.6,0.1,-0.8,0.2,2.1,3.4,0.9,0.4,-2.8
"ssp585",2038,1,7.6,-2.5,-1.6,1.1,1.5,0.1,1.4,0.3,1,3.5,-2.1,5.9,3.6,2.7,3.1,6.4,1.6,0.3,-2.5
"ssp585",2039,0.5,2.9,3.2,-3.6,2.2,1.1,0,1.7,-0.7,-3.1,1.1,-0.8,6.1,0.1,2.5,0.9,3.5,3.4,-0.8,-3.6
"ssp585",2040,1.3,4.3,4.9,0.1,0.2,0.6,1.5,2.3,0.3,-1.7,3.2,-3.6,7.3,-4.3,2.3,2.6,4.1,4,-7,-7
"ssp585",2041,0.1,-1.3,-0.8,-1.4,1.5,3.1,0.6,2.2,0.1,0.1,4,-2,6,1.7,6.4,0.1,4.1,0.8,1.2,-2
"ssp585",2042,-1.1,5.4,0.8,-0.8,1.7,2.7,-1.5,0.8,-1.5,2,3.3,-4,4.4,-2.5,3,0.5,3.5,0.9,-0.4,-4
"ssp585",2043,0.4,1.6,-5.1,-2.9,2.7,0.6,-4.3,4,-0.7,0,1.6,-3.4,6.3,1.5,4.6,0.7,4.3,-1.6,0.1,-5.1
"ssp585",2044,-2.4,1.4,1.7,-0.9,2.7,3.2,2.5,0.3,-2.2,3.3,0.1,-1.4,6.3,1.6,2.7,-4.3,4.8,-1.5,0.2,-4.3
"ssp585",2045,-0.4,-2.8,4.1,-0.5,0.2,4.1,0.2,2.6,0.6,1.6,-1.1,-1.1,4.4,0.7,-2.8,-0.7,4.3,1.8,1.4,-2.8
"ssp585",2046,-0.9,2.6,-4.7,-1.1,3.2,3.6,0.6,0.5,0.8,0.6,1.6,-1.8,5.4,2.3,7.7,0,-0.1,4.6,2.4,-4.7
"ssp585",2047,-0.5,6.8,0.8,-2,1.2,4.4,-0.5,0.4,-1.2,0.4,1.4,-0.4,3,2.4,4.7,1.4,5,0.4,1.7,-2
"ssp585",2048,0.3,5,6.3,-2.2,1.5,2.3,-4.1,2.6,-1.7,0.6,0.3,-0.3,5.4,0.9,4.2,2.8,4.3,3.9,1.3,-4.1
"ssp585",2049,-0.5,5.9,-0.8,-3.2,3.3,1.9,-0.5,4.5,1.2,-0.4,1.9,-3,6.2,0.3,0.2,-1.6,2.5,-0.6,-1.4,-3.2
"ssp585",2050,1.2,4.7,0.5,0.3,1.6,2,0.8,3.6,0.2,-3.3,0.4,-1.8,3.6,-0.8,-2,1.9,5.3,0,0.9,-3.3
"ssp585",2051,1.1,5.9,-1.6,-0.8,0.8,1.8,-1.2,2.6,-4.3,1.4,3.6,-1,4.3,0.3,2.9,3.8,2.9,-3.4,1.1,-4.3
"ssp585",2052,0.1,8.3,-4,-1.2,2.6,3.6,1.8,1.2,1.2,0.4,2.8,-1.2,6.2,1,4.1,-0.5,1.5,1.9,1.9,-4
"ssp585",2053,1.4,-1,-1.5,1.3,1.8,2.7,-0.6,-0.1,-1.9,-1.4,-1.6,-2.6,6,1.7,2.8,-0.7,3.4,-2.5,1.6,-2.6
"ssp585",2054,-0.4,5,-0.1,-0.4,3.5,3.1,-0.3,1.3,2,-0.8,3.7,0.6,8.2,2.2,2.5,-2.8,1.6,-2.2,-2.3,-2.8
"ssp585",2055,1.2,-3.8,4.2,-2.4,3.9,3.7,0.2,2.1,1.7,-0.2,2.9,-5.1,5.2,-6.1,2,0.2,5.9,1.6,0.2,-6.1
"ssp585",2056,1.3,8,1.1,-1.3,3,4.5,1,1.3,1,5,7.2,-2.3,0.7,2.1,4,3.3,3.1,3.1,1.2,-2.3
"ssp585",2057,0.5,6.3,4.2,-0.8,2.6,2,-1.7,0.5,-0.8,2.8,4.3,-1.1,7.3,3.1,5.7,-1.8,4.3,0.6,-0.8,-1.8
"ssp585",2058,0.3,5,0.3,-1.3,3.8,2.9,1.4,-1.1,2.4,2,0.2,-0.1,4.3,3.5,5.8,5.1,-1.4,0.5,2.4,-1.4
"ssp585",2059,1.6,4,1.3,1.3,2.9,1.5,-0.5,2.2,0.3,2.4,2.3,-2.9,5.9,1.3,3.5,-1.2,3.4,2.1,1.2,-2.9
"ssp585",2060,2.6,3.2,-1.3,0.2,-2.1,3.8,1.5,2.6,-0.5,1.8,2.8,-2.7,2,0.7,5.4,3.1,5.8,2.2,-1.8,-2.7
"ssp585",2061,0.4,4.3,0.8,-1.1,4,3,-0.3,2.1,-0.2,0.7,1.7,-0.9,6.7,2.9,5.3,2.1,-1.3,2.6,0.3,-1.3
"ssp585",2062,1.4,4.4,3.9,0.7,2.1,2.9,-2.3,3.2,0.8,0.3,4.2,-0.3,8.4,4.9,6.4,-3.2,3.5,2.9,1.1,-3.2
"ssp585",2063,0.7,10.9,4.8,-2.1,-0.4,3.2,0.4,-1.1,0.4,2.7,2.9,2,5.1,2.1,9.8,3.5,-0.9,-0.5,1.2,-2.1
"ssp585",2064,0.7,6,1,0.2,3.5,1.3,1.9,2.2,0.8,4,1,0.8,4.8,0.3,1.5,1.3,2.1,0.1,3,0.1
"ssp585",2065,1.6,4.7,0.5,1.2,-0.7,3.5,1.9,2.1,0.7,2.6,0.8,-0.3,8.3,2.3,6.8,-0.9,5.1,2.7,0.5,-0.9
"ssp585",2066,0,0.5,-1.6,0,1.9,5,0.2,2.5,0.3,3.6,3.3,-0.3,6.7,2,0.7,2.9,0.1,1.4,1.7,-1.6
"ssp585",2067,2.8,5.6,5.1,2.6,3.1,2.9,3.7,2.8,-1.2,4.3,2.4,1.3,5.5,-0.1,5.8,0.8,3.8,2.3,5.5,-1.2
"ssp585",2068,-0.2,-1.7,2,0.4,3.7,4.8,-0.7,2,0.8,2.3,3.4,1,5.2,3.7,4.8,3.7,4.7,4,3,-1.7
"ssp585",2069,1.9,4.2,4.4,3.5,3,3.8,2.5,5,1.6,6.6,3.6,1.3,7.4,4,1.9,0.3,3.5,3.4,-0.1,-0.1
"ssp585",2070,1.1,7.4,-0.1,2,3.9,3.9,2.6,2.5,1.5,1.9,7.4,1.2,7.6,4.3,6.4,6.1,5.2,3.5,2.5,-0.1
"ssp585",2071,1.7,3.8,3.8,0.6,1.5,4.3,2.9,5.7,1.3,5.8,4.9,-2.4,6.3,0.4,4.6,3,6.4,1.4,4.2,-2.4
"ssp585",2072,3.2,5.8,3.5,0.7,3.3,3.4,1.1,1.2,0.9,-0.1,5.7,1.2,3.8,1.4,3.7,3.2,5.4,-0.5,1.2,-0.5
"ssp585",2073,3.8,4.4,3.5,-0.1,2.7,4.4,0.9,3,2.2,2.8,5.3,1.9,6.1,0.8,5.3,3.7,3.9,4.1,0.7,-0.1
"ssp585",2074,1.6,8,4.5,1.9,1.7,3.1,2.4,3.2,0.4,1.6,2.6,1.4,7.9,4.8,4.6,-0.3,6.5,3.7,3.9,-0.3
"ssp585",2075,2.1,8.1,2,2.1,4.6,6.4,1.3,5.2,0.5,4.6,5.8,0.4,8.1,2.9,6.5,7,4.7,3.1,-1.6,-1.6
"ssp585",2076,1.4,5.8,5.6,1.6,0.6,2.6,3.1,1.1,0.5,2.1,7.3,-1,4.1,4.1,5.6,5.1,4,2.9,1.7,-1
"ssp585",2077,2.2,1.2,5.3,3,1.6,3.7,2.7,2.3,-0.9,4.1,4,-0.3,5.4,-1,6.4,1.8,5.8,3.5,3.1,-1
"ssp585",2078,3.4,8.6,0.6,-1,3.3,6.3,0.9,3.5,-1.5,2.6,4.3,1.7,4.1,2.9,4,0.5,2.4,-2.7,3.1,-2.7
"ssp585",2079,3,8.7,-1.4,1.1,4.9,4.3,1.9,3,0.4,3.4,3.8,-0.4,9.8,3,6.6,1.6,-0.5,1.1,5.5,-1.4
"ssp585",2080,3.1,2.2,-4.3,3.2,4.1,1.1,1.7,2.4,-0.2,4.1,3.3,1.1,6.8,5.8,5.5,2.9,5.5,2.4,5.9,-4.3
"ssp585",2081,2.6,3.7,5.9,2.6,2.3,6,5.6,3.6,0.7,5.7,-0.2,1.2,4.6,5.1,5.3,4.3,5.1,5.1,3.5,-0.2
"ssp585",2082,0,5.5,5.1,3.9,3,4,1.7,5.6,2.2,5.7,4,-1.3,7.2,3.8,5.2,4.2,6.5,-0.2,3.4,-1.3
"ssp585",2083,3.5,9.1,5.1,3.8,5.1,2.2,2.1,3.6,1.4,7.2,3.7,2,8.5,3.9,3.9,4.1,5.1,3.4,5.5,1.4
"ssp585",2084,3.9,8.8,2.2,1.8,4.4,5,-0.2,4.3,3.1,5.1,5.7,-1,5,6,8.6,4.2,8.5,2.6,1,-1
"ssp585",2085,0.1,4.6,5.1,2.9,5.3,4,-0.9,2.6,1,1.3,2.6,0.7,5.6,2.2,4.9,0.6,5.2,5.3,5.7,-0.9
"ssp585",2086,5,9.1,5.6,4.4,5.7,4.8,3.8,2.3,-2.5,4.3,5.8,2.6,7.1,5.8,4.1,4.8,0.9,6.3,4.8,-2.5
"ssp585",2087,2.4,2.5,4.9,3.7,2.3,4.5,4.5,1.6,1.5,5.5,7.3,1.1,7.6,3.3,6.8,6.7,5.8,-2.6,3.1,-2.6
"ssp585",2088,1.6,8,4.8,4.4,3.2,5.1,1.6,0.6,0.1,4,3.5,1.6,8.1,4.4,7.4,3.1,2.8,4.8,5.9,0.1
"ssp585",2089,3.3,1.2,1.7,1.1,4.9,5.7,3.6,5.1,0.9,5.7,3.6,0.7,5.5,5.3,4.6,5.7,4,2,2.4,0.7
"ssp585",2090,2,4.7,3.6,3.5,5,5,1.7,4.6,2.3,8,3.7,2.7,7.1,4,8.1,2.9,6.7,2.6,6.4,1.7
"ssp585",2091,3,9.4,4.5,4.5,4.3,4.9,4.1,5.3,-1,4.9,4,4,8.9,3.3,8,3.5,3.1,4.2,6.4,-1
"ssp585",2092,0.9,6.9,5.7,2.6,5.2,5.2,4.5,4.2,1,5.5,4.5,5.4,8.8,7.3,6.9,0,4.5,1.9,1,0
"ssp585",2093,3.9,10,2.4,3.4,4.3,5.3,3.8,8.1,2.8,4.9,6.3,4.9,5.9,6.7,8.1,-3.3,5.5,4.5,5.3,-3.3
"ssp585",2094,3.9,7.5,5.7,1.9,5.6,7.7,1.5,4.1,2,4.5,4.6,3.6,6.1,3.9,3.3,4.2,6.9,1.4,6.3,1.4
"ssp585",2095,3.4,12.9,6,3.7,4.8,4.7,3.8,5.5,2.3,4.3,5.1,3.2,6.5,6.8,5,5,6.7,4.3,3.8,2.3
"ssp585",2096,4.8,5,7.1,3.3,6.3,3.5,1.9,4.3,-2.2,8.1,8.1,2.9,7.2,7.3,5.7,2.7,7.2,4.5,6.8,-2.2
"ssp585",2097,3.5,8,4.6,6.1,5.6,4.9,2.1,3.2,3.7,7.2,3.9,1.2,7.4,3,7.5,5,5,3.4,7.5,1.2
"ssp585",2098,2.7,6.6,1.3,5.1,6.2,6.8,3.3,5.8,2.3,5.9,9.2,2.3,5.7,5.8,5,5.5,4.3,4,5,1.3
"ssp585",2099,2.8,12.1,6.6,5.5,4.8,6.2,4,5.5,1.7,5.1,4.7,1.2,6.3,3.7,8.5,7.2,6.8,5.4,6.3,1.2
"ssp585",2100,2.3,8.7,6.6,5.2,5.2,5.2,5.3,2.1,1.9,3.6,7.1,2.4,9.7,4.9,5,3.9,6.3,6.8,6.3,1.9
