"scenario","Year","ACCESS.ESM1.5","AWI.CM.1.1.MR","BCC.CSM2.MR","CanESM5","CNRM.CM6.1","CNRM.ESM2.1","EC.Earth3","GFDL.ESM4","GISS.E2.1.G","HadGEM3.GC31.LL","INM.CM5.0","IPSL.CM6A.LR","MIROC.ES2L","MIROC6","MPI.ESM1.2.HR","MPI.ESM1.2.LR","MRI.ESM2.0","NESM3","UKESM1.0.LL","ensemble"
"historical",1850,-26,-41.3,-29,-29.9,-26.5,-29.1,NA,-25.5,-29.5,-28.4,-27.2,-34.1,-22.3,-26.2,-31.5,-34,-24.1,-34.6,-32.8,-41.3
"historical",1851,-28.9,-43.3,-31.3,-27.6,-25.7,-23.4,-25,-25.1,-28.4,-31.9,-26.2,-32.5,-21.6,-27.3,-33.8,-36.2,-25.3,-27,-34,-43.3
"historical",1852,-25.4,-44.9,-28.9,-29.2,-24.5,-25.6,-26.3,-27.9,-31.5,-28.3,-26.1,-34.1,-23.2,-29.6,-30,-31.6,-22.4,-27,-31.5,-44.9
"historical",1853,-27.4,-41.7,-30.5,-29.3,-23,-22,-25.9,-23.2,-30.3,-29.1,-25.7,-33.9,-22.2,-31.6,-31.7,-35.5,-23.7,-28.1,-31.8,-41.7
"historical",1854,-26.8,-40.7,-33.2,-25.5,-25.1,-22.3,-26.4,-27.7,-29.8,-28.4,-29,-33.4,-21.3,-27.2,-29.4,-35.3,-23.6,-32.1,-31.1,-40.7
"historical",1855,-31.5,-43.9,-32.2,-29.2,-27.5,-25.7,-27.3,-26.2,-29.4,-29.5,-24.9,-34.5,-18.9,-26.1,-27.9,-34.8,-25.7,-31.3,-33.4,-43.9
"historical",1856,-29.1,-45.2,-27.7,-30.3,-27.4,-23.8,-28.4,-26.4,-31.2,-33.7,-24.9,-33.2,-19.5,-24.5,-27.7,-32.6,-25.9,-28.2,-32.5,-45.2
"historical",1857,-26.8,-43.3,-27.8,-28.4,-25.5,-25,-25.8,-25.9,-32.4,-31.1,-28.9,-33,-21.4,-27.1,-33.7,-31.8,-26.3,-30.3,-33.1,-43.3
"historical",1858,-28.2,-39.7,-26.9,-28.4,-25.5,-25.3,-25.2,-30.5,-31.5,-32.9,-27,-33.2,-21.2,-28.1,-29.2,-31.8,-23,-29.9,-33,-39.7
"historical",1859,-26.2,-40.6,-30.4,-26.3,-23.1,-27.4,-25,-24.2,-32.1,-31.3,-32.8,-33.6,-21.7,-26.3,-28.5,-33.5,-22.5,-30.3,-33.3,-40.6
"historical",1860,-27.9,-37.8,-29.7,-28.7,-26.1,-23.7,-32.5,-28.3,-32.5,-33.8,-28.5,-31.5,-17.8,-26.5,-31,-35.4,-24.5,-26.7,-30.4,-37.8
"historical",1861,-26.5,-40.7,-30.5,-30.2,-26.5,-23.4,-28.7,-29.8,-29.5,-35,-30.6,-34.1,-21.6,-28.5,-32.6,-36,-25.6,-29.1,-32.3,-40.7
"historical",1862,-27.4,-42.5,-31.9,-31.8,-25.8,-25.1,-26.5,-28.7,-27.3,-32.8,-29.5,-30.7,-19.6,-27.8,-30.2,-33.5,-23.8,-34.2,-31.6,-42.5
"historical",1863,-26.4,-46.8,-28.2,-29.1,-25.3,-24.9,-26.7,-27.1,-31.2,-30.9,-26.4,-32.8,-20.3,-27.2,-34.2,-32.9,-24.8,-29.5,-32.6,-46.8
"historical",1864,-26.3,-45.2,-26.4,-28.3,-24.1,-22.5,-26.1,-27,-31.5,-30,-24.6,-35,-21.6,-28.1,-32.4,-34.6,-24.5,-27.7,-30.7,-45.2
"historical",1865,-26.1,-40.2,-28.5,-28.9,-24.5,-23,-24.6,-27.8,-31.7,-31.6,-30.3,-33.6,-20.7,-26.2,-34.5,-33.8,-28,-30.4,-32.5,-40.2
"historical",1866,-27.4,-46.4,-29.7,-29.9,-24.2,-21.6,-27.7,-30,-31,-33.6,-26.7,-34.3,-19.9,-27.3,-33.2,-39.3,-29.4,-31.9,-33.9,-46.4
"historical",1867,-28.6,-46.2,-29.2,-29.8,-24.4,-24.3,-26.9,-25.8,-33.5,-29.2,-29.1,-35.8,-21,-27.4,-30.3,-36,-25.7,-27.6,-30.1,-46.2
"historical",1868,-26.2,-44.7,-27.5,-27.3,-25.3,-21.7,-25.9,-28.8,-30.9,-28.5,-29.6,-33.3,-19.9,-27,-29.4,-35.5,-25.3,-28.6,-29.1,-44.7
"historical",1869,-27.1,-36.5,-25.9,-28.8,-26,-23.2,-26.7,-24.5,-32.8,-26.7,-26.5,-36.1,-22.1,-27.7,-29.1,-35.5,-24.8,-30.7,-29.9,-36.5
"historical",1870,-27.9,-44.9,-28.7,-31.4,-26,-23,-25.9,-26.6,-33.9,-31.7,-29.5,-31.6,-19.4,-26.1,-34.3,-34.4,-24.5,-28.1,-29.7,-44.9
"historical",1871,-28.2,-43.5,-30.4,-25.1,-24,-24.1,-23.5,-26.6,-28.6,-31.1,-30.2,-32.2,-20.3,-26.2,-29.6,-33.7,-23.4,-31.1,-33.5,-43.5
"historical",1872,-26.8,-50.2,-28.6,-30.6,-25.4,-22.5,-27.3,-24.7,-29.9,-30.4,-29.2,-31.3,-21.8,-24,-31.5,-35.2,-26.7,-33.6,-32.3,-50.2
"historical",1873,-25.7,-45.6,-28.6,-29.1,-25.8,-24.3,-26.4,-25.5,-27.2,-32.2,-25.6,-31.1,-21.7,-27.7,-29.4,-32.4,-26.6,-31.4,-31.8,-45.6
"historical",1874,-26.3,-46.9,-29.7,-27.6,-24.6,-26.6,-24.9,-26.5,-27.2,-31.6,-27.4,-36.1,-22.4,-24.9,-29,-34.7,-24.9,-28.7,-34,-46.9
"historical",1875,-28,-44.5,-28.6,-31.2,-27.5,-28.3,-25.2,-25.3,-31.2,-30.8,-28.3,-32.4,-19.4,-25.4,-30.6,-35.6,-27.8,-28.6,-34.7,-44.5
"historical",1876,-28.5,-44.3,-29,-26.2,-26.8,-23.3,-24.3,-26.8,-28.6,-32.1,-26.5,-31.8,-21.3,-26.5,-28.9,-31.8,-22.2,-30,-31.6,-44.3
"historical",1877,-26.9,-42.1,-28.6,-32.9,-24.8,-24.6,-23.7,-25.6,-30.6,-28.6,-27.7,-32.3,-20.4,-25.1,-30.7,-32.8,-22.4,-31.2,-33.1,-42.1
"historical",1878,-29.8,-46.7,-30.4,-28.3,-24.2,-25.3,-23.4,-29.8,-27.4,-32.9,-26.6,-37.8,-24.1,-25.8,-31.3,-32,-25.7,-30.7,-31.1,-46.7
"historical",1879,-28.4,-44.1,-29.4,-28.4,-23.5,-23.2,-24.9,-25.9,-30.7,-33,-29.6,-35.2,-22.2,-28,-29.9,-32.4,-29,-25.4,-30.9,-44.1
"historical",1880,-27.7,-41.9,-29.6,-28.4,-27,-24.9,-25.3,-28.6,-33.1,-28.1,-25.2,-32.5,-20.7,-28,-32.1,-33.3,-22.1,-29.1,-31.5,-41.9
"historical",1881,-27.9,-43,-26.5,-27.2,-26.4,-25.3,-25.1,-23.7,-35.1,-31.8,-28,-31.8,-20.3,-25.4,-33.4,-37,-25,-31.9,-32.9,-43
"historical",1882,-28.4,-43.8,-29.6,-27.8,-25.3,-26.1,-26.7,-28.5,-25.6,-34.7,-26.8,-34.2,-20.5,-25.6,-30.8,-33.9,-22.8,-28.7,-29.9,-43.8
"historical",1883,-26.8,-42.4,-31.7,-30.5,-24.8,-25.4,-28.9,-25.6,-29.6,-29.2,-24.7,-35.2,-20,-25.2,-30.1,-31.6,-25.1,-32.1,-35.9,-42.4
"historical",1884,-26,-45.7,-26.7,-31.6,-26.2,-24.5,-25.7,-27.8,-33.1,-31.4,-31.6,-35.8,-22.9,-24.7,-32.7,-37.6,-22.3,-30.4,-32,-45.7
"historical",1885,-26.3,-41.9,-30.8,-25.6,-24.9,-24.3,-28.2,-28.1,-30.3,-30.3,-27.5,-30.3,-20.9,-24.9,-29.9,-34.6,-24,-26.7,-34.4,-41.9
"historical",1886,-28.6,-39.5,-27.5,-27.7,-24.7,-24.6,-25.8,-28.9,-29.9,-28.4,-25.5,-36,-20.2,-26.5,-31.9,-34,-22.5,-26.8,-32.1,-39.5
"historical",1887,-25.9,-42.1,-29.1,-29.7,-23.1,-25.4,-26.9,-28.5,-29.8,-30,-27,-33.7,-21.3,-30.1,-32.6,-33.4,-27,-29.1,-32.7,-42.1
"historical",1888,-26.8,-38,-28.8,-30.4,-24.1,-21.7,-26.5,-28.3,-27.5,-31.5,-28.1,-35.6,-21.4,-27.9,-33.1,-34,-26.3,-30.6,-38.6,-38.6
"historical",1889,-26.5,-39.3,-26.8,-26.5,-24.8,-25.2,-26,-25.6,-29,-31.6,-22.8,-32.5,-20.7,-25.6,-32.4,-33.6,-28.2,-31.6,-31.3,-39.3
"historical",1890,-26.1,-42.2,-28.8,-26.8,-24.7,-22.6,-27.1,-26.9,-33.8,-30.4,-26.9,-33.4,-23,-27.8,-28.4,-35.5,-23,-30.5,-31.9,-42.2
"historical",1891,-29.9,-39.1,-27.6,-30.4,-25.3,-22.7,-28,-26,-29.8,-33,-28.9,-31.1,-21.7,-27.4,-31.7,-33.2,-27.6,-29.4,-30.5,-39.1
"historical",1892,-26,-46.3,-25,-26.6,-26.7,-25.9,-24.6,-29.6,-29.4,-38.1,-31.7,-30.2,-20.7,-27.4,-30.2,-34.7,-25.7,-30.2,-31.8,-46.3
"historical",1893,-27.3,-45.6,-26.1,-26,-25.2,-23,-25.3,-25.8,-29.7,-33,-27.1,-30.3,-20.2,-26.7,-28.7,-34.8,-22.8,-29.8,-32.2,-45.6
"historical",1894,-28.7,-40.3,-29.6,-29,-25.6,-24.3,-26.4,-27.2,-32,-31.7,-28.2,-34.7,-24.2,-24.4,-31.5,-33.5,-24.4,-34.1,-32.1,-40.3
"historical",1895,-27.2,-41.4,-28.1,-25.8,-25,-23.2,-26.7,-24.3,-31,-31.1,-26.1,-30.9,-21.1,-25.4,-32.1,-31,-25.7,-28.4,-31.8,-41.4
"historical",1896,-28,-44.5,-24.1,-29,-26,-23.9,-28.2,-28.7,-30.6,-29.6,-27.1,-29,-20.7,-25.5,-30.1,-32.4,-23.9,-29.9,-31.3,-44.5
"historical",1897,-29.2,-39.8,-25.4,-25.7,-26.4,-24.2,-26.1,-24.8,-32.1,-34.7,-28.6,-33.9,-20.3,-25.4,-36.4,-33,-25.1,-28.4,-31.3,-39.8
"historical",1898,-27.9,-40.7,-31,-31.5,-24.9,-24.7,-28,-26.6,-28.2,-30.6,-29.9,-30.7,-22.9,-23.9,-29.8,-34,-25.7,-28.5,-30,-40.7
"historical",1899,-28.1,-41.6,-29.5,-29.6,-27.6,-23.5,-25.7,-25.6,-32.2,-29.6,-27,-34.2,-23.4,-27,-30.1,-34,-22.8,-33.6,-33.2,-41.6
"historical",1900,-27.7,-45.6,-29.5,-29.1,-24.8,-23.1,-26,-25,-31,-34.8,-23.5,-33.2,-18.7,-24.9,-26.7,-31.8,-27.8,-28.6,-33.5,-45.6
"historical",1901,-25.6,-41.5,-33.9,-29.1,-26.6,-21.9,-26.5,-25.7,-29.5,-30.5,-27,-29.5,-19.9,-28.8,-29.2,-34.2,-31.8,-29.4,-36,-41.5
"historical",1902,-26.1,-39.9,-28.6,-32,-25.5,-26.2,-25.7,-26.1,-29.4,-32.7,-25.8,-31.6,-20.2,-27,-31.1,-34.7,-26.8,-32.9,-34,-39.9
"historical",1903,-28.8,-40.6,-26.2,-27.6,-24.5,-23.4,-26.3,-26.2,-31.6,-28.3,-29.1,-33.7,-20,-25,-33.1,-34.1,-24.6,-33,-31.8,-40.6
"historical",1904,-25.3,-40.7,-30.2,-29.2,-23.3,-23.4,-25.9,-27.9,-30.8,-28,-33.8,-30.1,-20.2,-28.3,-31.1,-31.9,-28.6,-31.7,-35.5,-40.7
"historical",1905,-29.5,-42.8,-24.7,-29,-25.2,-21.7,-25.9,-24,-33,-34.8,-27.5,-35.5,-21.4,-28.7,-29.5,-34.4,-22.8,-29.2,-34,-42.8
"historical",1906,-27.8,-47,-32.6,-30.3,-24.1,-24,-28.3,-26.3,-29.8,-33.9,-32.1,-31.9,-22,-31.7,-32.4,-33.6,-22.7,-30.2,-31.2,-47
"historical",1907,-27.4,-39.6,-33.4,-27.5,-26,-23.6,-26.1,-29.3,-31.6,-29.4,-30.5,-32.1,-19.1,-25.7,-32.6,-36,-21.5,-29.7,-35,-39.6
"historical",1908,-25.7,-47.8,-34.2,-30.3,-25.1,-23.6,-27,-29.8,-30.3,-28,-28.6,-31.2,-22.3,-25,-30.6,-33.9,-28.4,-29.6,-35.7,-47.8
"historical",1909,-26.9,-41.9,-28.7,-29.9,-24.9,-25.3,-24.5,-25.1,-29,-31.1,-25.2,-34.2,-23.1,-27,-31.8,-33.7,-22.9,-29.2,-31.6,-41.9
"historical",1910,-26.2,-44.5,-27.9,-30.1,-25.3,-24.8,-26.1,-24.5,-29.5,-31.6,-27,-33.9,-22.5,-26.3,-28,-34,-23.3,-30.1,-33.9,-44.5
"historical",1911,-26.8,-40.2,-26.2,-25.9,-24.3,-23.6,-25.1,-26,-29.9,-33.2,-24.6,-31.2,-24.4,-25.3,-34,-32.7,-26.9,-26.3,-35.7,-40.2
"historical",1912,-32.4,-39.7,-30.2,-28.9,-26.1,-24.7,-26.2,-28.6,-29.1,-31.6,-27.1,-34.2,-20.7,-27.5,-29.4,-32.7,-25.2,-30.9,-31.8,-39.7
"historical",1913,-25.7,-46.5,-32.1,-28.6,-23.6,-24.3,-24,-25.5,-29.8,-32.4,-26.4,-34.4,-22,-25.6,-31.9,-35.2,-24,-30.5,-34.3,-46.5
"historical",1914,-28.1,-45.7,-27.5,-28.5,-23.8,-23,-24.6,-26.1,-30.6,-30.2,-28.3,-35.5,-22.6,-25.3,-30.7,-32.7,-26,-31.3,-32.4,-45.7
"historical",1915,-26.4,-41.1,-25.6,-28.3,-23.5,-27.7,-24.4,-24.7,-30.5,-35.3,-27.9,-31.8,-22.2,-25.5,-29.5,-30.1,-25.1,-30.7,-32.8,-41.1
"historical",1916,-26,-40.3,-25.3,-28.1,-26.9,-23.1,-24.4,-29.9,-30.3,-31.2,-27.5,-32,-18.5,-28.5,-31.6,-32.7,-22,-29.3,-32.1,-40.3
"historical",1917,-26.7,-36.7,-30.1,-27.2,-26.3,-22.5,-24.4,-23,-30.6,-31.8,-23.4,-32.2,-23.1,-27.9,-30.3,-33.3,-25,-31.2,-32.9,-36.7
"historical",1918,-27,-39.3,-28.5,-31.5,-23.6,-22.1,-24.9,-26,-33.9,-29.6,-24.3,-32.6,-22.6,-26.7,-29.6,-35.9,-24.6,-31,-33.6,-39.3
"historical",1919,-27.6,-47.1,-28.7,-28.1,-24,-26,-24.9,-26.2,-31.3,-28.6,-31.1,-29.7,-21.4,-30.3,-28.9,-38.7,-25.2,-29.4,-33.1,-47.1
"historical",1920,-27.5,-40.5,-27.9,-26.9,-27.7,-22.1,-25.6,-24.8,-31.9,-25.9,-26.4,-29.3,-22.3,-25,-29.9,-35.7,-23.2,-26.7,-30.2,-40.5
"historical",1921,-26.7,-44.9,-29.6,-27.7,-24.6,-24.3,-27.7,-25.4,-31.8,-29.9,-29.2,-31.5,-22.6,-26.7,-32.9,-30.3,-24.6,-27.9,-29.9,-44.9
"historical",1922,-25.7,-41,-28.3,-29.2,-24,-25.6,-28.1,-26.7,-26.2,-30.2,-27,-33.1,-19,-27.2,-32.6,-34.1,-27.6,-29.9,-32.3,-41
"historical",1923,-27.2,-42.8,-27.3,-28.2,-25.7,-22.7,-25.5,-27.8,-33.3,-34.6,-26.9,-34.5,-23.6,-25.5,-30,-33.2,-23.2,-28.3,-30.3,-42.8
"historical",1924,-28.6,-38.5,-28.9,-27.8,-26.6,-22.6,-25.8,-24.9,-30.7,-33.7,-23.1,-31.8,-25.5,-26.5,-31.7,-33.6,-22.6,-32.3,-31.9,-38.5
"historical",1925,-26.1,-40.9,-31.7,-32.7,-27.5,-25.3,-25.8,-23,-30,-32.8,-29.3,-32.1,-19.5,-25.2,-30,-32.8,-24.4,-29.9,-30.7,-40.9
"historical",1926,-26.2,-43,-29.2,-31.5,-24.3,-24.6,-27.9,-24.1,-31.1,-29.3,-35,-37.1,-20.6,-26.1,-28.4,-32.9,-23.9,-30.5,-34.3,-43
"historical",1927,-27.8,-45.9,-28.4,-29.5,-25.3,-23.1,-28.3,-26.3,-28.2,-32.7,-27.9,-32.2,-21.3,-25.4,-30.4,-32.4,-26.6,-30,-33.3,-45.9
"historical",1928,-26.9,-43.9,-26.4,-28.4,-25.5,-23.8,-24.9,-21.4,-31.1,-29.5,-29,-32.9,-22.9,-25,-32.1,-33.6,-23.8,-31.8,-36.1,-43.9
"historical",1929,-24.4,-41.2,-25.4,-26.3,-24.7,-22.5,-25.8,-23.1,-30,-28.9,-28.7,-34.1,-18.8,-25.3,-30.9,-34.6,-30.1,-27.9,-33.4,-41.2
"historical",1930,-26.1,-38.7,-26.8,-29.4,-23.7,-22.6,-24,-26,-27.5,-30.9,-26.3,-33.6,-20.4,-24.9,-30.4,-34.3,-24.7,-30,-31,-38.7
"historical",1931,-26.7,-44.6,-26.3,-28.5,-25.9,-25.1,-26.8,-24.3,-29,-30.5,-24.6,-33.4,-20.8,-26.3,-31.2,-32.5,-24,-29.2,-28.3,-44.6
"historical",1932,-27.6,-39.6,-26.1,-30.5,-25.1,-22.6,-24.9,-25.5,-31.8,-31.2,-30,-31.4,-21.6,-26.9,-31.8,-34.1,-24.1,-32.4,-33.6,-39.6
"historical",1933,-27.8,-39.7,-27.6,-27.5,-23.2,-28.3,-26,-22.5,-29.9,-29.3,-28.6,-29.6,-21.7,-25.4,-27.5,-30.4,-25,-28.9,-29.7,-39.7
"historical",1934,-25.4,-45.4,-29.6,-27.9,-23.7,-21.2,-23.6,-24,-30.1,-31.3,-29.4,-31.1,-25.3,-22.6,-28.6,-30.3,-26.4,-30.7,-31,-45.4
"historical",1935,-27,-38.6,-25.6,-26.7,-27.7,-23.3,-27.9,-24,-28,-32.5,-23.2,-33.7,-19.3,-27.5,-33.1,-29.8,-24.1,-29.7,-32.2,-38.6
"historical",1936,-27.3,-45.8,-26.9,-29.3,-25.3,-22.1,-23.5,-23,-29.1,-31.2,-24.5,-32.2,-21.3,-26.7,-31.3,-30.9,-27,-30.8,-30.8,-45.8
"historical",1937,-27.3,-45.6,-28,-26,-24.1,-24.3,-24.6,-25.3,-27.5,-28.6,-24.7,-35.1,-20.8,-27.9,-30.6,-33.4,-25.5,-32.2,-32,-45.6
"historical",1938,-30,-45,-29.9,-28.5,-25.5,-24.8,-23.2,-26.8,-29.1,-31.6,-26.9,-34.1,-20.2,-26.7,-29.1,-34.1,-30.2,-27.8,-33.5,-45
"historical",1939,-26.1,-41.9,-29.1,-26.4,-24.2,-25.7,-28.2,-26.1,-31.9,-28.2,-39.8,-34.5,-18.7,-26.2,-32.3,-31.1,-25.8,-29,-28.9,-41.9
"historical",1940,-26.6,-43.5,-28.8,-35.8,-25.5,-27.4,-26.5,-25,-29.4,-30.6,-31.8,-32.3,-19.1,-26.5,-29.9,-35.2,-23.2,-28.6,-28.7,-43.5
"historical",1941,-27.8,-45.8,-28.2,-30,-25.2,-23.9,-27.4,-23.9,-32.9,-33.5,-29,-33.5,-22.5,-28,-31.3,-34.4,-22.8,-30.7,-30.8,-45.8
"historical",1942,-25.2,-46,-26.2,-30.7,-24.3,-23.1,-24.1,-23.4,-31.2,-31.2,-27,-30.1,-19.8,-26.9,-30.6,-33.6,-27.2,-30.5,-32.4,-46
"historical",1943,-27.2,-39.6,-32.4,-28.6,-25.9,-23.9,-25.7,-29.3,-26.9,-29.2,-23.9,-36.4,-18.7,-24.3,-32.3,-31.9,-22.2,-28.7,-32,-39.6
"historical",1944,-26.3,-43.5,-28.8,-25.3,-24.8,-28.1,-28.9,-24.9,-28.2,-34,-24,-35.5,-22.3,-22.9,-30.3,-34,-25.7,-30.4,-30.2,-43.5
"historical",1945,-27.2,-46.3,-32.7,-29.8,-24.9,-21.6,-27,-24.8,-28.8,-31.9,-32.6,-36.2,-19,-26.2,-29.3,-33.2,-21.5,-30,-32.7,-46.3
"historical",1946,-26.7,-45.2,-31.4,-26.5,-26.4,-21.9,-24.2,-26.3,-33.4,-29.3,-26.8,-34.1,-18.5,-24.2,-34.3,-34.9,-26.7,-31.7,-32.2,-45.2
"historical",1947,-27.9,-36.1,-32.3,-26.2,-26.8,-24.7,-25.9,-23.3,-33,-31,-24.5,-32.1,-23.8,-24.3,-30.8,-32.3,-22.2,-31,-31.7,-36.1
"historical",1948,-27,-40.1,-26.4,-31.3,-24.9,-21.2,-24.6,-22.4,-27.1,-31.7,-27.4,-32,-22.7,-28.2,-31.5,-30.6,-21,-28.8,-34.1,-40.1
"historical",1949,-28.4,-43.8,-26.8,-28.4,-27.5,-23.6,-26.5,-23.3,-28.7,-31.5,-24.7,-33.5,-20.8,-26.7,-33.3,-35.2,-22.8,-29.6,-30.8,-43.8
"historical",1950,-24.7,-42.8,-28.1,-29.8,-25.4,-24.6,-26.3,-22,-30.6,-28.3,-26.4,-32.4,-25,-26.8,-31.5,-30.7,-23.7,-28.5,-36,-42.8
"historical",1951,-28,-43.9,-30,-28.5,-28.4,-22.5,-25.4,-24.5,-30.5,-33.4,-26.5,-31.1,-21.5,-26.6,-28.4,-31,-23.7,-32.3,-28.8,-43.9
"historical",1952,-26.2,-41.4,-30.5,-26.2,-24,-23.3,-26.3,-25.5,-27.8,-30.1,-26.5,-32,-20.9,-28.9,-32.9,-32.3,-27.4,-29.2,-31.8,-41.4
"historical",1953,-25.1,-44.3,-31.7,-30.7,-24.6,-23.9,-26.4,-27.7,-31.1,-33,-26.2,-32.7,-19.7,-26.6,-32.9,-30.8,-24.5,-30.3,-34.4,-44.3
"historical",1954,-26.7,-40.4,-27.7,-27.6,-24.1,-24.7,-27.6,-23.2,-27.4,-32.7,-27.7,-31.2,-19.7,-25.1,-31.1,-31.9,-24.5,-27,-29.7,-40.4
"historical",1955,-25.9,-40.7,-28.9,-28.2,-24.9,-25,-27.6,-29.2,-27.9,-39.8,-26.6,-32.9,-22.3,-23.9,-29.6,-33.2,-24.4,-29.1,-32.1,-40.7
"historical",1956,-28.8,-45.4,-27.2,-27.2,-23.9,-23,-22,-28.2,-28.3,-29.9,-32.5,-34.2,-20.3,-24.5,-28.5,-35.5,-25.6,-33,-31.9,-45.4
"historical",1957,-27.9,-37.4,-29.6,-28.4,-25.6,-22.5,-25.4,-26,-31.2,-31.4,-28.1,-30.8,-18.6,-26.1,-29,-33.3,-20.6,-30.2,-31.5,-37.4
"historical",1958,-25.6,-46.2,-24.4,-28.1,-22.7,-24.2,-22.9,-28.1,-32.4,-31.3,-24,-30.5,-21.1,-24.8,-29.3,-34.5,-24.3,-29.7,-32.3,-46.2
"historical",1959,-24.7,-42,-30.3,-28.3,-26,-25.2,-25.2,-28.7,-28.9,-30,-28.7,-35.5,-20.2,-25.6,-33.9,-32.6,-26.7,-30.6,-29.7,-42
"historical",1960,-27,-42.6,-29.3,-29.4,-26.9,-23.5,-22.5,-22.9,-29.2,-29.5,-26.4,-32.3,-22.2,-27,-32.1,-33.1,-29.5,-27,-30.1,-42.6
"historical",1961,-27.2,-43,-26.9,-26,-27,-25.4,-23.7,-24.4,-27.9,-30.1,-26.8,-28.7,-19.6,-26.4,-28.7,-34.1,-26.3,-30.3,-33.2,-43
"historical",1962,-27.7,-46.3,-31.3,-29.1,-25.7,-24.1,-24.2,-25.1,-29.6,-31.5,-24.1,-33.5,-21.5,-25.2,-28.7,-36,-25.6,-31.7,-35,-46.3
"historical",1963,-27.1,-35.4,-35.3,-28.4,-25,-23,-24.2,-22.3,-31.2,-29.3,-29.4,-30.4,-20.3,-24.6,-30.3,-35.1,-27.1,-29.4,-31.3,-35.4
"historical",1964,-27.8,-39.3,-29.4,-26.3,-25.4,-25.9,-26.4,-26.5,-30.7,-34.1,-28,-32.2,-23.6,-26,-29,-32.4,-25.2,-31,-30.1,-39.3
"historical",1965,-26.3,-45.6,-30.8,-30,-25.2,-23.6,-25.8,-24,-32.2,-30.7,-35.3,-35.4,-19.4,-27.4,-31.1,-32.3,-22.5,-31.6,-32,-45.6
"historical",1966,-26.6,-41,-30.4,-30.8,-24.3,-21.8,-24.5,-25.4,-30.5,-28.5,-32.3,-31.6,-22.1,-25.4,-29.2,-32.6,-23.7,-27.2,-35.7,-41
"historical",1967,-27.8,-45.6,-31.8,-27.5,-25,-25,-25.6,-22.5,-31.6,-35.6,-26.9,-31.1,-19.6,-26.4,-32.9,-33.4,-23,-31.1,-32.8,-45.6
"historical",1968,-29.1,-43.7,-26.5,-28.4,-23.4,-25.3,-27.5,-23.1,-30,-30.2,-23.9,-32.3,-21.1,-26.1,-30.9,-31.9,-22.5,-33,-31.2,-43.7
"historical",1969,-26.4,-41.3,-31,-29.7,-24.3,-23.4,-29,-26.9,-30.5,-30.2,-29.5,-31.2,-21.6,-25.9,-32,-32.4,-22.6,-27.3,-36.5,-41.3
"historical",1970,-26.5,-47.4,-29.8,-32.1,-24.8,-24.3,-27.6,-26.9,-27.3,-31.5,-31.5,-33.2,-22.2,-26.9,-32.1,-33.6,-27.1,-29.5,-30.6,-47.4
"historical",1971,-25.8,-44.1,-30,-26.2,-23.8,-22.9,-23.9,-23.7,-28.2,-28.7,-30.6,-33.7,-19.4,-25.9,-32.3,-31.8,-22.7,-29,-31.3,-44.1
"historical",1972,-26.4,-42.4,-29.8,-29,-26.6,-24.8,-24.2,-24.5,-32.7,-31.2,-29,-31.2,-20.8,-24.4,-26.1,-32.9,-23.8,-34,-33.5,-42.4
"historical",1973,-25.3,-41.3,-27.5,-27.5,-28.1,-24.1,-25.7,-29.2,-27.7,-32.7,-25.7,-30.7,-21.3,-23.1,-31.7,-34.5,-22.5,-30.5,-31.8,-41.3
"historical",1974,-27.8,-42.3,-32.9,-26.9,-27.3,-23.4,-23,-25,-27.2,-32.4,-24.9,-30.9,-19.6,-25.9,-31.1,-32.5,-25.7,-30.1,-33,-42.3
"historical",1975,-28.9,-37.3,-31.2,-31.5,-25.2,-23.1,-25.6,-26.2,-27.6,-34.6,-27.6,-36.1,-20.5,-27.8,-32.3,-35.4,-22.7,-30.9,-35.9,-37.3
"historical",1976,-27.2,-39.6,-28.4,-27.8,-25.1,-24.8,-26.7,-25.8,-30.7,-32.2,-21.9,-30.5,-19.4,-24.5,-28.3,-35.6,-26.4,-32.8,-32.1,-39.6
"historical",1977,-27.8,-46,-29.7,-31.3,-24.9,-25.1,-27.1,-26.4,-31.5,-31.6,-28.7,-32.8,-24.7,-23.5,-30.2,-32.6,-23.8,-28.6,-32,-46
"historical",1978,-25.8,-41.8,-24.5,-27.4,-24.5,-24.1,-27.5,-25.1,-29.4,-32,-26.1,-29.1,-21.6,-25.3,-34.1,-32.6,-21.8,-28.5,-33.3,-41.8
"historical",1979,-27.4,-42,-28,-28.7,-23.4,-25.7,-23.2,-25.2,-29.1,-28.7,-23.4,-31.3,-20.2,-25.2,-30.9,-31.9,-21.5,-27.4,-30.4,-42
"historical",1980,-27.6,-43.8,-31.2,-27.7,-23.1,-21.6,-23.5,-26.8,-29.6,-29.3,-23.1,-32.1,-19.2,-24.2,-35.1,-30.5,-24.5,-27.4,-33.2,-43.8
"historical",1981,-26.5,-42.3,-26.1,-25.3,-23.9,-22.9,-24.6,-29.2,-29.5,-30.9,-28.6,-34.1,-19.3,-25.5,-32.1,-33.5,-21.7,-31,-31.8,-42.3
"historical",1982,-29.1,-40.4,-30.2,-29.7,-26.4,-23.1,-22.2,-25.8,-32.4,-33.2,-24,-30.3,-23.2,-26.3,-30.8,-32.6,-23.9,-30.2,-36.5,-40.4
"historical",1983,-26.2,-43.2,-27.8,-25.8,-24.4,-23.6,-25.1,-24.1,-33.6,-28.5,-28.4,-33.8,-19.6,-27.6,-32.8,-34.2,-22.7,-29,-30.7,-43.2
"historical",1984,-26.4,-47.1,-25.1,-29.2,-25.5,-24.3,-26.7,-26.2,-27.5,-32.2,-29.3,-32,-22.1,-26.4,-28.8,-32.7,-23.6,-31.5,-31.3,-47.1
"historical",1985,-27,-47.1,-25.4,-30.4,-26.5,-23.2,-25.4,-24.9,-27.5,-31.3,-23.9,-32.4,-22.9,-26,-30.4,-32.3,-23.4,-30.8,-28.9,-47.1
"historical",1986,-24.9,-43.7,-34.7,-31.8,-23.1,-24.4,-26.2,-29.5,-28.7,-30.7,-27.2,-31.1,-18.6,-29.2,-30.9,-31,-23.2,-26,-32.9,-43.7
"historical",1987,-25.5,-42.6,-31.4,-28.3,-26.3,-29.1,-26.9,-29.1,-29,-30,-24.4,-29.2,-21.4,-25,-28.9,-33.8,-22.2,-30.6,-32.2,-42.6
"historical",1988,-25.7,-42.3,-30.4,-25.1,-25.9,-24,-24.9,-27.1,-28.7,-29.1,-24.8,-29.5,-21.4,-26.2,-28.9,-34.7,-27.3,-29.1,-30.6,-42.3
"historical",1989,-26.4,-43.6,-27.9,-29.2,-25.8,-23.7,-25,-26.3,-27.6,-28.1,-26.7,-32.8,-19.4,-24.8,-30.6,-32.8,-22.8,-33.8,-31.6,-43.6
"historical",1990,-27,-39.6,-30.7,-27.3,-24.1,-21.5,-22.4,-23.1,-26.2,-31.6,-28.4,-28.9,-20.8,-27.1,-31.7,-28.8,-22.1,-28.2,-30.9,-39.6
"historical",1991,-27.6,-46.1,-25.7,-26,-24.9,-25.4,-23.5,-23.1,-29.6,-33.5,-26.6,-28.5,-20,-26.4,-26.9,-31.7,-21.9,-26.8,-30.7,-46.1
"historical",1992,-29.8,-38.4,-30.3,-27,-23,-24,-23,-29.1,-31.4,-31.4,-35.7,-31.1,-18.9,-25.1,-32,-34.5,-24,-29.9,-30.9,-38.4
"historical",1993,-27.7,-39.8,-27.6,-27.9,-27.6,-26.6,-23.2,-28,-27.1,-32.1,-26.7,-31.6,-24.7,-26.6,-28.4,-36,-20.6,-32.1,-32.4,-39.8
"historical",1994,-27,-38.5,-27.6,-25.6,-25.7,-23.6,-24.6,-25.1,-29.1,-29.9,-26.6,-32.5,-22.5,-24.1,-28.5,-34,-23,-28.5,-31.9,-38.5
"historical",1995,-28.4,-43.2,-27.7,-26.1,-25.3,-24.5,-25.1,-26.5,-27.7,-28.8,-29.1,-32.7,-22.4,-28.3,-29.4,-33.2,-21.5,-29.6,-33,-43.2
"historical",1996,-25.8,-42.5,-25.7,-28.3,-23.7,-26,-24.8,-24.6,-36,-33.1,-31.3,-29.9,-20,-29.4,-29.4,-32.8,-23.6,-29.4,-36.3,-42.5
"historical",1997,-26.8,-45.5,-28.1,-27.2,-22.2,-22.4,-23.6,-24.9,-27.8,-31.4,-25.7,-32.1,-22.1,-28.2,-26,-32.1,-22.5,-27.9,-32.7,-45.5
"historical",1998,-26.4,-48.1,-27.9,-28.1,-24.1,-27,-24.5,-24.8,-28.2,-31.4,-26.4,-33.2,-18.7,-23.3,-28.5,-34,-19.4,-28.2,-32,-48.1
"historical",1999,-26.3,-44.7,-27,-26.5,-24.3,-25.1,-23.9,-28,-30.2,-27,-25.9,-31,-20.6,-26.9,-30.4,-33.5,-25.3,-28.3,-30.4,-44.7
"historical",2000,-27.1,-39.5,-26.1,-26.6,-27.2,-24,-26.2,-25.2,-33.1,-31.2,-30,-30.4,-21,-24.5,-29.7,-34.1,-23.5,-28.3,-29.4,-39.5
"historical",2001,-27.8,-44.2,-26.1,-28.6,-26,-24.1,-25.1,-25.6,-33.8,-27.3,-25.9,-31.2,-18.8,-26.6,-31.9,-33.3,-20.5,-31,-31.7,-44.2
"historical",2002,-25.7,-43,-28.1,-31.2,-23.9,-22.7,-23.7,-23.6,-28,-29.3,-28.5,-28.2,-19.8,-26.6,-28.4,-32,-24.4,-27.2,-33.9,-43
"historical",2003,-26.9,-37.8,-27.2,-28.6,-24.8,-21.2,-23.7,-23.7,-25.3,-30,-27.3,-29.5,-20.7,-26.8,-26.8,-31.3,-21.8,-29.4,-30.5,-37.8
"historical",2004,-24.8,-40.1,-23.7,-26.5,-22.4,-26.3,-24.5,-24.8,-32.6,-28.5,-32,-31.8,-23,-23.4,-28.8,-31.1,-21.6,-27.3,-40.2,-40.2
"historical",2005,-26.1,-46.9,-27.7,-30.4,-26,-23.5,-25.5,-26.7,-28.4,-27.8,-27.6,-30.4,-18,-23.2,-26.4,-28.6,-24,-27.2,-31.7,-46.9
"historical",2006,-24.3,-40.6,-24.2,-26.5,-24.4,-22.6,-25.6,-27.7,-27,-28.5,-22.9,-31,-21.7,-24.1,-29.3,-32.5,-20.3,-25.7,-32.8,-40.6
"historical",2007,-24.9,-38.1,-25.9,-26.7,-22.1,-22.2,-23,-26.2,-29.3,-31.9,-27.3,-29.4,-22.6,-24.3,-28.6,-31.8,-20.7,-29.8,-30.6,-38.1
"historical",2008,-24.7,-42.2,-25.2,-25.9,-24.2,-25,-26.4,-25.1,-31.5,-31.1,-24.4,-31.9,-16.8,-25.3,-26.7,-32.2,-21.7,-30.4,-32.9,-42.2
"historical",2009,-25.1,-43.6,-30.4,-26.6,-23.4,-22.3,-24.8,-26.6,-27.1,-33.4,-24.8,-30.5,-19.4,-26.3,-30.4,-32.8,-22.3,-28.5,-34,-43.6
"historical",2010,-24.5,-46.3,-28.5,-30.6,-22.7,-22.6,-24.9,-25.8,-29.9,-29.5,-31,-33.2,-19.6,-23.1,-30.4,-33.6,-23.1,-29.4,-36.2,-46.3
"historical",2011,-25.4,-39.6,-27.1,-30.1,-26.3,-23.2,-25,-26.4,-31.9,-30,-31.3,-30.7,-23.1,-22.6,-32.6,-33.9,-24.4,-27.9,-33.8,-39.6
"historical",2012,-24.4,-42.3,-27.1,-24.9,-22.3,-21.4,-28.6,-25.2,-28.2,-29.9,-23.5,-31.6,-21.2,-25.3,-34.4,-33.3,-22.6,-28.4,-30.8,-42.3
"historical",2013,-24.7,-45.4,-25.3,-24.5,-23.5,-24.4,-26.5,-23,-30.4,-26.8,-26.2,-27.3,-18.8,-23.8,-31.4,-32.7,-23.8,-27.7,-28.3,-45.4
"historical",2014,-24.5,-37.7,-25.1,-27.4,-23.2,-24.2,-24.2,-27.7,-34.4,-29.7,-24,-29,-19.2,-29.5,-30.1,-30.2,-24.9,-28.1,-33.1,-37.7
"ssp126",2015,-25.9,-37.9,-19.1,-22.1,-23.4,-22.4,-22.5,-26.2,-32,-29,-21.5,-26.6,-17.2,-25,-23.9,-34.1,-18.4,-29.2,-30.2,-37.9
"ssp126",2016,-25.9,-35.2,-26.2,-26.1,-22.4,-22.3,-26.1,-22.1,-24.9,-24,-25.6,-29.3,-16.5,-24,-27.8,-32.3,-20.6,-28.2,-32.6,-35.2
"ssp126",2017,-24.5,-44,-27.2,-26.3,-22.4,-21.5,-23.5,-18.8,-29.3,-28.1,-19.1,-29.4,-19.9,-23.1,-26,-32.4,-22.4,-25.7,-28.9,-44
"ssp126",2018,-24.1,-42.2,-23.6,-24.4,-21,-21.1,-23.9,-24.3,-29.6,-25.6,-16.8,-30.2,-16.4,-22.5,-27,-31.3,-22.1,-25,-30.7,-42.2
"ssp126",2019,-29.1,-33.7,-20.2,-25,-26.9,-21.7,-23.1,-24.7,-28.2,-27.6,-18.4,-29.6,-19.3,-23,-24.9,-30,-20.6,-34.2,-29.1,-34.2
"ssp126",2020,-24.5,-36.1,-23.3,-25.2,-20.5,-20.3,-23.5,-22.7,-29,-26.6,-18.6,-26,-15.7,-24.4,-28.1,-35.1,-18.9,-29.1,-28.7,-36.1
"ssp126",2021,-26,-27.2,-25.9,-28.9,-21.5,-20.7,-23.3,-19.2,-26.6,-24.4,-19,-27.1,-20.9,-24.7,-26.3,-34.6,-23.8,-25.6,-28.9,-34.6
"ssp126",2022,-26.2,-35.1,-24.1,-23.4,-22.6,-23.3,-21.4,-21.3,-27.3,-25.2,-20.5,-27.8,-19.2,-23.2,-26.5,-33,-16.4,-25.8,-27.5,-35.1
"ssp126",2023,-26.1,-40.4,-26.7,-28.3,-20.7,-21.4,-26.6,-24.1,-26.7,-22.9,-22.2,-30.7,-15,-24.9,-22.7,-30.5,-18.4,-28.3,-28.4,-40.4
"ssp126",2024,-23.3,-29.4,-25,-26.5,-21.8,-21.2,-26.2,-24.9,-27,-25,-19.5,-27.1,-15.9,-24.8,-22.7,-33.9,-28.1,-26.1,-26.9,-33.9
"ssp126",2025,-25.4,-36.4,-21,-26.3,-21.9,-21.7,-24.4,-20,-28.2,-26.7,-20.2,-26.3,-14.6,-25.6,-26.9,-34.5,-22.7,-32.6,-27.8,-36.4
"ssp126",2026,-24.3,-32.7,-21.4,-23.8,-22,-21.1,-23.2,-23.6,-28.7,-29.1,-21,-27,-17.9,-22.5,-24.9,-30.7,-17.8,-23.3,-26.9,-32.7
"ssp126",2027,-23.4,-31.6,-25.3,-25.1,-21.5,-22.1,-24,-21.1,-28.7,-25.6,-19.6,-24,-16.6,-23.9,-28,-31.1,-17.5,-23.9,-28.5,-31.6
"ssp126",2028,-24.6,-32.4,-23.2,-24.4,-22.4,-21.5,-21.2,-24,-32.4,-22.9,-22.1,-28.3,-16.9,-25.9,-29.1,-31,-17.5,-23.9,-30,-32.4
"ssp126",2029,-24.4,-32.8,-24.6,-29.4,-23.4,-20,-23.5,-20.2,-29.9,-26.9,-22.6,-28.4,-14.8,-24.2,-27.3,-32.1,-21.8,-24.3,-28.7,-32.8
"ssp126",2030,-24.5,-38.5,-24.3,-25.1,-22,-21.6,-21.4,-18.2,-27.9,-27,-22.2,-27,-19.2,-21.4,-25.9,-30.2,-18,-25.8,-26,-38.5
"ssp126",2031,-25.7,-40.7,-27,-24.4,-21.9,-23,-26.4,-22.9,-32,-24.2,-18.7,-25.8,-19.1,-24.8,-22,-30.6,-19.6,-25.7,-28.1,-40.7
"ssp126",2032,-25.5,-42.7,-22,-22.5,-23.9,-19.5,-23.6,-23,-28,-27.9,-19.9,-28.8,-16.9,-26.3,-29.1,-32.3,-20.4,-24.8,-27.6,-42.7
"ssp126",2033,-27.3,-36.9,-20.2,-26.5,-21.5,-21.5,-23.8,-20.6,-25.2,-23.6,-23.7,-27.7,-15.8,-23.2,-23.7,-34.7,-19.1,-26.9,-26.3,-36.9
"ssp126",2034,-24.6,-42.4,-20.5,-23.7,-22,-23.6,-24.5,-20.6,-29,-27.4,-21,-29.8,-16,-24.2,-27.4,-32.4,-24.3,-25.8,-27,-42.4
"ssp126",2035,-25.5,-45.2,-20.2,-22.2,-21.7,-21.7,-21.6,-24.3,-26.8,-26.4,-18.1,-26.9,-17.6,-23,-31,-29.9,-17.8,-22.8,-29.4,-45.2
"ssp126",2036,-23,-31.8,-21.8,-24.2,-21.3,-19.3,-21.8,-21.6,-28.5,-28.6,-16.5,-29.7,-20.3,-23.9,-29.2,-29.5,-17.2,-23.5,-28,-31.8
"ssp126",2037,-24,-30.8,-25.2,-24.9,-23.1,-19.4,-25.7,-17.6,-26.2,-23.5,-18.1,-27.7,-15.4,-23,-26.2,-31.2,-17.6,-27.9,-27.8,-31.2
"ssp126",2038,-23.9,-39,-29.2,-24,-21.8,-23.2,-19.9,-20.1,-28.2,-23.4,-21.3,-26.4,-15.3,-26.1,-25.7,-30.8,-20.4,-27,-27.8,-39
"ssp126",2039,-23.9,-38.3,-28.1,-24.5,-25.9,-22.2,-22.6,-23.1,-27.1,-23.7,-21.1,-28.7,-17.1,-21.3,-23.9,-32,-22.8,-25.9,-26.1,-38.3
"ssp126",2040,-23.3,-37.7,-27.2,-24.1,-23,-23.4,-22.9,-21.8,-27.4,-24,-17.6,-25.7,-17.4,-24.2,-28,-35.6,-16.9,-25.3,-27,-37.7
"ssp126",2041,-23.1,-36.8,-20.2,-22,-20.3,-18.6,-23.6,-20.7,-32.1,-25.5,-21.5,-29,-19.8,-21.7,-25.3,-30.4,-15.3,-24.8,-29.7,-36.8
"ssp126",2042,-23.7,-29.8,-18.9,-26.4,-20.2,-19.6,-21,-18.1,-24.9,-22.9,-23.3,-27.3,-16.9,-23.2,-24.5,-35.9,-16.8,-23.7,-27.7,-35.9
"ssp126",2043,-22.7,-36.2,-21.9,-23.4,-26.3,-23.3,-21.1,-24.3,-27.1,-21.4,-24.9,-25.8,-17.3,-20.7,-25.9,-31.4,-18.4,-26.1,-26.9,-36.2
"ssp126",2044,-23.7,-37.3,-24.1,-23.8,-21.6,-21,-25.1,-22.7,-24,-24.3,-21.7,-31,-18,-22.8,-21.1,-32.2,-18.7,-31.9,-29.5,-37.3
"ssp126",2045,-23.1,-34.1,-24.9,-21.5,-25.8,-20.6,-24.4,-20.4,-29.7,-23.3,-20.4,-29.1,-17.2,-22.5,-23.9,-32.9,-16.6,-26.5,-28.8,-34.1
"ssp126",2046,-24.6,-37.9,-18.3,-27.9,-20.2,-19.8,-20.5,-20.1,-32.6,-21,-19.9,-30.4,-16.3,-23,-23.1,-32.6,-21.5,-24.7,-27.3,-37.9
"ssp126",2047,-22.8,-35,-21.3,-21.1,-21.9,-20.7,-23.3,-20.8,-26.4,-21.1,-18.6,-24.5,-15.6,-24.2,-27.3,-30.5,-23.4,-24.7,-32.1,-35
"ssp126",2048,-22.5,-37.3,-23.6,-22.6,-20.7,-21.4,-26.2,-21.1,-26,-25.2,-17.9,-26,-17.5,-28,-25.4,-31.8,-17.7,-25.9,-30.6,-37.3
"ssp126",2049,-22.7,-34.1,-29.3,-23.2,-20.7,-19.4,-23,-20.8,-27,-23.4,-18.2,-29,-17.4,-22.6,-32.7,-32,-21.7,-27.7,-29,-34.1
"ssp126",2050,-22.9,-32.3,-24,-22,-21.9,-20.3,-21,-18.6,-29.7,-25.1,-21.4,-31.3,-19.1,-21,-28.3,-31,-20.1,-26.8,-26.7,-32.3
"ssp126",2051,-24.1,-32.2,-22.2,-25,-26.1,-23.7,-21.9,-21,-28.6,-24.5,-18.6,-29.2,-17,-22.2,-23.8,-31,-18,-30.1,-27.3,-32.2
"ssp126",2052,-27.8,-36.2,-21.5,-23.1,-21,-18.6,-20.3,-19.5,-29.5,-22.9,-17.7,-28.3,-20,-23.5,-24.1,-28.9,-18,-29.6,-26.4,-36.2
"ssp126",2053,-24.5,-29.7,-21.5,-23.5,-23.3,-21.1,-22.2,-22.4,-28.3,-24.2,-22.9,-25.6,-20.4,-22.5,-25.8,-32.1,-19.6,-22.3,-23.4,-32.1
"ssp126",2054,-26.1,-43.7,-18.3,-23.8,-21.7,-19,-21.2,-18.8,-27.5,-22.1,-18.6,-26.9,-18.8,-20.9,-20.5,-33.7,-20.3,-23.8,-26.5,-43.7
"ssp126",2055,-23.9,-38.6,-18.2,-20.7,-21.4,-22.3,-21.7,-24,-29.1,-27.2,-22.7,-28.5,-15.8,-22.6,-24.5,-30.2,-16.9,-24.9,-28.5,-38.6
"ssp126",2056,-23.4,-33.3,-23.2,-22.3,-24.6,-23,-19.2,-21.4,-31.3,-24.8,-19.3,-24.7,-16.6,-21.4,-20.9,-33.1,-17.9,-28,-34.6,-34.6
"ssp126",2057,-24,-35.1,-21.6,-22.4,-24.2,-19.5,-20.1,-20.1,-27,-25.1,-21.3,-27.8,-17.1,-24.6,-28.9,-29.8,-21.4,-26.2,-26.5,-35.1
"ssp126",2058,-23.2,-35.7,-25.5,-27.1,-20.6,-19.2,-23,-23.2,-29.3,-27.1,-21.2,-24.8,-19.8,-23.1,-26.7,-30.6,-19.1,-22.3,-26.1,-35.7
"ssp126",2059,-22.3,-36.5,-24.3,-25,-19.8,-20.3,-20.1,-21.8,-30.6,-28.8,-20.6,-29.5,-15.6,-23.7,-20.9,-29.4,-24,-30.8,-26.6,-36.5
"ssp126",2060,-22,-40.5,-27.7,-23.6,-24.7,-20.1,-20.6,-27.1,-26.4,-21.5,-18.2,-24.9,-19.1,-24.3,-24.8,-32.7,-15.6,-27.5,-25.4,-40.5
"ssp126",2061,-22,-37.2,-20,-22.1,-22.2,-21.1,-20.1,-21.1,-30.4,-21.1,-22.6,-32.5,-18.8,-23.8,-24,-30.6,-17.2,-25.8,-25.8,-37.2
"ssp126",2062,-23.4,-30.3,-24.1,-22,-23.8,-20.6,-24.7,-18.4,-26.9,-24.3,-17.1,-27.6,-14.7,-22.6,-23.2,-28.7,-22.3,-22.6,-28.2,-30.3
"ssp126",2063,-23,-31,-22.3,-22.3,-24,-22,-19.8,-25.2,-23.9,-23.7,-16.8,-29.2,-15,-22.8,-28.5,-31.8,-17.6,-27,-27.3,-31.8
"ssp126",2064,-23.5,-40.6,-25.3,-24.3,-22.3,-20.9,-23.1,-19.2,-27.8,-23.4,-16.9,-26.1,-16.3,-22.4,-26,-34.1,-18.6,-25.6,-26.7,-40.6
"ssp126",2065,-22,-35.1,-20.5,-27.8,-19.3,-21.8,-21.6,-19.3,-29.2,-22.4,-21.7,-26.7,-20.5,-24.1,-27.3,-27.7,-17.9,-29,-26.9,-35.1
"ssp126",2066,-22.3,-31,-22.6,-24.2,-20.8,-21.6,-22.8,-19.4,-25,-24.4,-16.3,-27.2,-19.6,-22.1,-25.9,-30.3,-18.4,-27.4,-30.7,-31
"ssp126",2067,-23.7,-37,-19.1,-23.3,-22.2,-21.1,-20.8,-20.6,-28.6,-29.3,-16.5,-30.4,-15.2,-22.7,-25.5,-31.1,-15.7,-21.8,-24.2,-37
"ssp126",2068,-24.2,-39.2,-20.2,-21,-24.3,-19.7,-20.4,-22.8,-28.1,-24.8,-15.6,-31.5,-17.3,-21.8,-25.2,-29.5,-16,-27.3,-24.7,-39.2
"ssp126",2069,-22.4,-41.7,-27.7,-24.1,-19.5,-20,-18.8,-21.6,-29.2,-25.2,-16,-27.1,-17.5,-21.9,-24.6,-32.1,-15.3,-29.5,-26.9,-41.7
"ssp126",2070,-22.8,-38.6,-26.2,-23.5,-23.1,-18.2,-23.6,-23.4,-28.2,-22,-21.8,-28.4,-17.2,-25.6,-29.3,-28.8,-17.6,-24.1,-31.6,-38.6
"ssp126",2071,-24.4,-35,-21.6,-20.8,-20.6,-17.8,-23.4,-25.5,-26.8,-23.4,-22.8,-27.5,-15.4,-21.5,-24.7,-30.1,-17.7,-28,-25.3,-35
"ssp126",2072,-25.3,-29.1,-26.9,-22.2,-20,-18.9,-25.8,-22.6,-24.9,-22.8,-20,-29.1,-17.5,-24.7,-25.3,-29.4,-16.5,-31.8,-28.2,-31.8
"ssp126",2073,-22.8,-26.9,-25,-22.9,-22.9,-21,-21,-25.4,-26.6,-24.9,-22.1,-26.1,-14.8,-23.1,-21.9,-30.4,-21.1,-29.3,-28.1,-30.4
"ssp126",2074,-22.2,-27.5,-21.6,-24.7,-22.1,-19.7,-20.5,-21.4,-29.3,-21.1,-17,-25.3,-17.5,-21.9,-23.2,-32,-15.4,-23.8,-28,-32
"ssp126",2075,-23.1,-38.3,-19.6,-23.2,-21.2,-23.2,-22.9,-20.9,-26.3,-24.3,-17.6,-28.7,-18.5,-23.4,-24.2,-34,-19.5,-28,-30,-38.3
"ssp126",2076,-22.6,-29.3,-21.1,-22.7,-22.4,-20.7,-22.7,-25.6,-29.4,-26.6,-24.4,-25.8,-16.6,-24,-28.4,-29.5,-19.1,-23.1,-24.3,-29.5
"ssp126",2077,-23.4,-39.1,-18.8,-23.4,-21.3,-20.3,-22.6,-21.1,-26,-20.5,-19.7,-26.3,-20.6,-21.5,-28.4,-32.2,-20.5,-27.9,-24.3,-39.1
"ssp126",2078,-22.9,-39.9,-17.8,-23.1,-21.1,-21.8,-21.9,-22.9,-28.1,-26.7,-20.3,-29.5,-18.9,-21.8,-24.5,-30.7,-15.8,-26.7,-27.9,-39.9
"ssp126",2079,-22.6,-37,-29.4,-25,-18.9,-19.5,-22,-18.3,-27.8,-25.8,-23.7,-25.9,-15.5,-21.2,-26.4,-29.4,-17.7,-27.8,-26.8,-37
"ssp126",2080,-24.4,-39.4,-22.8,-25.5,-22.3,-19.8,-22.2,-21.7,-26.9,-26,-15.8,-22.4,-19.7,-24,-22.8,-31.3,-17.6,-25.5,-26.9,-39.4
"ssp126",2081,-24.7,-37.6,-23.2,-23,-21.1,-21.3,-22.1,-22.2,-27.6,-27.5,-15.7,-28.2,-19.9,-24,-30.5,-32,-17.5,-21.9,-25.7,-37.6
"ssp126",2082,-23.1,-33.3,-20.8,-24,-19.3,-21.3,-23.7,-20.3,-26.2,-27.1,-16.7,-27.9,-18.6,-25.4,-27.7,-33.8,-23.1,-26.1,-26.4,-33.8
"ssp126",2083,-22.7,-26.9,-22.7,-21.9,-22,-20.5,-20.2,-23.2,-24.8,-24.9,-17.4,-27,-12.1,-24.4,-26.2,-31.9,-17.5,-27.6,-23.5,-31.9
"ssp126",2084,-22.7,-31.1,-21.9,-22.7,-22.1,-22.6,-20.6,-22.6,-27.3,-22.1,-20.9,-29,-15.6,-22,-22.5,-34.3,-17.5,-26.2,-24.8,-34.3
"ssp126",2085,-23.1,-32.8,-22,-19.1,-22.7,-21.4,-21.4,-19.8,-26.8,-22.1,-20.8,-25.3,-15.6,-22.9,-28.1,-31.6,-21.3,-25.3,-28.5,-32.8
"ssp126",2086,-22.6,-32.9,-18.1,-23.3,-20.3,-19.5,-22.6,-20.2,-27.4,-26,-21.5,-23.4,-17,-21.6,-28.3,-30.1,-18.7,-28.3,-29.4,-32.9
"ssp126",2087,-21.9,-40.2,-22.9,-23.9,-21.4,-18,-22.2,-22.4,-22.4,-24.7,-19,-29.1,-15.1,-23.7,-21.9,-30.1,-23.4,-28.1,-25.5,-40.2
"ssp126",2088,-24.1,-33.9,-19.1,-24.7,-22.3,-21,-22.5,-20.4,-29,-30,-19.9,-26,-17.8,-23.3,-27.7,-33.9,-19.5,-20.9,-24.3,-33.9
"ssp126",2089,-25,-36.6,-22.4,-30.1,-20.4,-20.2,-22,-23.8,-30.1,-23.7,-16.9,-28.4,-15.4,-22.1,-26.4,-30.9,-16.4,-27.5,-25.5,-36.6
"ssp126",2090,-24.1,-36,-24.4,-24.9,-21.9,-20.9,-19.8,-22.9,-32.7,-21.9,-15.6,-25.6,-15,-22.4,-23.6,-28,-17.8,-27.7,-26.1,-36
"ssp126",2091,-22.6,-39,-26.2,-21.8,-21.6,-24,-20,-18.3,-26.5,-22.4,-20.8,-27.1,-17.1,-21.9,-25.2,-31.6,-20.8,-27.4,-27.5,-39
"ssp126",2092,-23.9,-44.8,-20.9,-21.1,-23.8,-20.9,-21.2,-19.9,-28.1,-22.4,-18.2,-27,-16.7,-22.6,-28.2,-31.9,-17,-21.6,-24.1,-44.8
"ssp126",2093,-21.4,-39.6,-23.3,-23,-20.5,-22,-21.5,-18.1,-32.1,-22.8,-21.9,-28.3,-18.6,-22.8,-24.9,-30.3,-24,-24.6,-23.6,-39.6
"ssp126",2094,-23.1,-42.3,-22.1,-24.7,-20.2,-18.8,-19.8,-19.6,-29,-25.3,-17.9,-24.6,-15.8,-24.1,-21.5,-31.7,-16.3,-28.4,-25.9,-42.3
"ssp126",2095,-24.1,-32.5,-24.3,-23.5,-23.5,-20.7,-21.1,-19.7,-25.1,-24.1,-17.4,-25.6,-15.9,-22.5,-23.2,-29.9,-20.1,-31,-25.8,-32.5
"ssp126",2096,-23.9,-39,-23.1,-25,-23.8,-19.2,-22.1,-22.4,-26.4,-23.9,-23.4,-29.1,-14.6,-21,-26.5,-30,-16.1,-24.9,-26.8,-39
"ssp126",2097,-25.6,-42.2,-23.4,-22.9,-22.7,-20.1,-24.7,-17.6,-24.8,-19,-17.1,-32.5,-18.1,-27.7,-26.9,-31.4,-16.7,-26.4,-26.2,-42.2
"ssp126",2098,-23.9,-35.5,-21.8,-21,-19.8,-21.5,-18.9,-18.1,-26.3,-25.6,-22.3,-26.5,-18.2,-22.2,-26.8,-30.8,-16.1,-23.8,-23.9,-35.5
"ssp126",2099,-22.4,-36,-20.4,-21.1,-20.8,-21.8,-24.5,-19.3,-25.1,-24,-21,-23.3,-18.5,-22,-28.5,-33.3,-20.9,-27.5,-22.8,-36
"ssp126",2100,-22.2,-39.6,-21.6,-23.2,-22.5,-20.5,-21.6,-21.2,-25.5,-22.2,-25.5,-26.8,-15.9,-23,-23.9,-33.4,-21.9,-25.7,-25.8,-39.6
"ssp245",2015,-24.8,-42.9,-23.1,-25.9,-20.6,-21.4,-23.6,-26.3,-30,-29.3,-18.6,-29.1,-17.4,-22.5,-29.1,-33.5,-18.4,-30.4,-28.5,-42.9
"ssp245",2016,-24.3,-32.5,-18.8,-27.3,-22.3,-22.4,-26.9,-24.7,-28.6,-24.9,-20.2,-33.2,-23.3,-24.6,-25.5,-31,-19.7,-23.8,-32.2,-33.2
"ssp245",2017,-27.9,-38.5,-22.2,-25,-23.4,-22.3,-21.3,-26.2,-26.7,-24.6,-20.4,-28.3,-20.8,-20.4,-29.1,-35,-19.9,-28.7,-32.5,-38.5
"ssp245",2018,-26.9,-41.4,-24.2,-24.1,-22.2,-23.1,-24,-22.6,-28.5,-20.9,-21,-25.4,-21.7,-23.9,-26.9,-29.9,-18,-30.8,-33,-41.4
"ssp245",2019,-25.2,-38.1,-22.9,-25.9,-23.3,-23.9,-26.3,-24.2,-29,-30,-20.1,-25.8,-16.9,-22.3,-25,-33.4,-22.2,-26.4,-29.7,-38.1
"ssp245",2020,-24.1,-41.4,-24.6,-23.2,-25.4,-20.8,-23.1,-24.8,-29.2,-27.6,-20.7,-25.8,-17.4,-25.4,-26.2,-32.3,-21.4,-24.3,-30.4,-41.4
"ssp245",2021,-24.6,-39.8,-25.1,-24.3,-22.7,-24.3,-23,-25.2,-29.7,-30.4,-18.2,-27.4,-17.3,-20,-23.5,-32.2,-16.6,-26.5,-32.1,-39.8
"ssp245",2022,-23.8,-28,-22.7,-26.8,-22.5,-22.4,-20.4,-24.5,-27.4,-25.1,-19.1,-30.7,-15.6,-20.1,-24,-33.3,-21.3,-27.4,-34.3,-34.3
"ssp245",2023,-24.6,-37.2,-26.2,-27.3,-24.7,-21,-23.1,-24.1,-24.7,-24.9,-17.7,-27.8,-15.3,-23.5,-25.4,-33.4,-18.2,-27.5,-30.1,-37.2
"ssp245",2024,-24,-31.2,-25.6,-25.6,-21.4,-22.1,-22.8,-24.4,-28,-21.6,-20.2,-26.3,-20.4,-22.4,-30.2,-35.4,-18.1,-27.2,-32,-35.4
"ssp245",2025,-24.5,-40,-29.8,-26.6,-27.4,-19.7,-22.8,-20.7,-30,-27.4,-18.4,-28,-17.3,-27.2,-24.7,-31.3,-20.7,-29.5,-33.2,-40
"ssp245",2026,-24,-41.9,-23.7,-25.6,-24.1,-22.4,-23.4,-23.3,-25.3,-26.7,-19.9,-35.1,-21.4,-23.7,-26.2,-31.9,-26.4,-24.5,-31.1,-41.9
"ssp245",2027,-24,-36.6,-24.5,-24.8,-21.5,-21.2,-22.4,-21.7,-26.4,-28.9,-22.2,-30,-16.5,-21,-29.4,-31.4,-16.9,-25,-29.5,-36.6
"ssp245",2028,-24.7,-35.2,-28.1,-24.8,-24.3,-22.4,-24.9,-24.2,-30.7,-24.5,-17.4,-29.1,-17.6,-26.1,-31.8,-34,-15.1,-30.2,-25.5,-35.2
"ssp245",2029,-23.8,-44.9,-22.5,-26.9,-23.1,-24.4,-21.5,-21.9,-29.9,-28.2,-22.4,-27.2,-17.8,-21,-26.9,-30,-17,-26.4,-29.1,-44.9
"ssp245",2030,-27.4,-41.4,-25.9,-24.1,-25.5,-22.6,-23.2,-21.6,-32.8,-26.8,-20.5,-26.5,-19,-20.1,-22.5,-31.4,-17.3,-25.8,-28.2,-41.4
"ssp245",2031,-24.6,-36.4,-23.5,-22.8,-22.7,-23.3,-24.6,-24.3,-27.4,-25.1,-16.8,-27,-20.4,-19.5,-27,-27.8,-18.2,-26.9,-28.7,-36.4
"ssp245",2032,-23.5,-26.6,-25.3,-25,-23.3,-22.5,-20.7,-24.3,-28.8,-24,-16.9,-29.2,-18.4,-22.5,-29.2,-33.1,-19.6,-27.6,-28.1,-33.1
"ssp245",2033,-22.3,-33,-25.1,-24.7,-22,-23.3,-21.1,-24,-27.1,-28.5,-29.7,-29.4,-15.8,-20.7,-29.1,-32.1,-15,-29.6,-28.1,-33
"ssp245",2034,-23.5,-33.4,-23.1,-26.5,-22.6,-20.3,-24.5,-21.9,-27.5,-27.8,-23.7,-33.1,-21,-21.9,-22.8,-31.1,-17.9,-23.1,-34.1,-34.1
"ssp245",2035,-23.3,-38.8,-21,-25.4,-20.2,-19.2,-23.4,-22.5,-29,-26.7,-18.2,-28.6,-17.8,-24.3,-23.9,-31,-15.7,-27.9,-28.1,-38.8
"ssp245",2036,-24.2,-43.8,-20.7,-24,-22.5,-22.1,-21.8,-23.5,-25,-28.8,-20.8,-27.5,-16.2,-20,-27.1,-30,-18.6,-27.2,-24.8,-43.8
"ssp245",2037,-23.7,-36.9,-18.3,-28,-22.6,-20.6,-22.2,-20.9,-28.2,-24.1,-24.8,-27.6,-17.2,-21.1,-30.3,-32.9,-17,-25.1,-29.5,-36.9
"ssp245",2038,-24.1,-42.5,-22.3,-24.7,-21,-21.4,-24.5,-22.8,-26.2,-24.9,-20.3,-28,-17.7,-21.6,-27.8,-33.8,-18.1,-27.4,-26.2,-42.5
"ssp245",2039,-26,-24.4,-20.9,-22.4,-21.7,-22,-20.6,-23.5,-27.1,-25.4,-18.4,-28.4,-14.5,-18.5,-23.8,-30.2,-18.8,-23.2,-25,-30.2
"ssp245",2040,-23.2,-38.4,-23.6,-22.6,-20.3,-20.3,-22.9,-24.4,-26.4,-24.8,-22.8,-29.1,-15.8,-21,-29.5,-29,-20.6,-24.7,-28.9,-38.4
"ssp245",2041,-25.3,-37.8,-22.6,-24.7,-23.7,-20.1,-22.6,-24.7,-30.3,-21.5,-18.9,-28,-16.1,-19.8,-25.8,-32.5,-21.1,-24.5,-28.8,-37.8
"ssp245",2042,-21.9,-41.4,-21.7,-26.2,-22.6,-21.2,-22.4,-22.8,-27.2,-23,-18.4,-31.7,-14.5,-25,-29.6,-29.8,-25.4,-26.9,-24.3,-41.4
"ssp245",2043,-22.4,-33.2,-21.7,-23.4,-23.8,-21.5,-20.5,-23.3,-28.6,-23.7,-20.7,-27.5,-12.7,-20.6,-23.5,-29.3,-20.3,-27.6,-28.2,-33.2
"ssp245",2044,-23.4,-27.6,-20.9,-24.4,-21.9,-20.7,-23.8,-20.9,-26.9,-27.8,-21.3,-29.1,-22.2,-20.3,-25.9,-33.2,-13.4,-24.3,-28.4,-33.2
"ssp245",2045,-25.1,-35.2,-21.3,-24.6,-19.2,-20.7,-22.8,-23.6,-29.8,-25,-18.9,-27.5,-17.8,-18.7,-23,-35.5,-15.3,-25.8,-26.6,-35.5
"ssp245",2046,-25.2,-29.2,-19,-23.4,-21.3,-21.1,-23,-22.6,-28.6,-25.6,-24.8,-26.1,-14.8,-21.7,-21.3,-29.6,-19.1,-23.4,-27.2,-29.6
"ssp245",2047,-22.6,-35.8,-25.8,-24,-22.6,-19.4,-25,-25,-27.3,-23.9,-22.4,-25.4,-16.4,-20,-28.2,-29.2,-23.2,-22.8,-26.9,-35.8
"ssp245",2048,-21.8,-41.6,-23.9,-27.3,-20.2,-20.1,-23.1,-23,-26.1,-20.4,-24.6,-31.2,-18,-16.5,-26.9,-31.2,-21.7,-28.5,-24.5,-41.6
"ssp245",2049,-22.4,-34.7,-22.7,-21.9,-22.5,-20.3,-24,-21.9,-25.6,-23.1,-23.5,-30.6,-16.1,-23,-25.3,-31.2,-16.7,-24.4,-30.1,-34.7
"ssp245",2050,-21.9,-31.1,-25.7,-20.4,-21.9,-19.6,-22.5,-22.9,-26.3,-21.4,-17.3,-25.8,-15.3,-22.4,-29.3,-34.6,-17.4,-25.2,-27.7,-34.6
"ssp245",2051,-28,-39.1,-24,-22.6,-23.2,-19.7,-20.8,-22.2,-27.4,-21.3,-17.5,-31.5,-16,-19,-25.8,-33.7,-19.6,-25.3,-26.8,-39.1
"ssp245",2052,-25.6,-40,-19.4,-21.8,-22.9,-20.4,-21.9,-21,-25.8,-24.4,-16.1,-27.2,-18.9,-19.1,-24.7,-34.3,-17.5,-24.1,-28.6,-40
"ssp245",2053,-23.5,-33,-25.5,-27.7,-23.4,-22.2,-24.2,-23.4,-29.3,-22.7,-15.7,-26.8,-17.2,-17.3,-29.2,-31.5,-20.3,-26.8,-25.1,-33
"ssp245",2054,-21.8,-28.9,-21.3,-25.2,-19.4,-20,-23.9,-22.4,-26.7,-24.8,-19.6,-28.6,-16.4,-19.8,-22.6,-32.1,-22.6,-26.2,-22.5,-32.1
"ssp245",2055,-23.5,-38,-21.9,-20.5,-19.1,-20.8,-22.1,-22.2,-25.5,-23.2,-21.3,-26.4,-15,-21.4,-22.5,-32.9,-20.2,-28.3,-26.7,-38
"ssp245",2056,-22.7,-32.7,-25,-23.1,-20.4,-19,-20.3,-23.2,-25.1,-24.6,-20.5,-29.7,-16.4,-21.4,-22.3,-31.7,-15.9,-22,-21.3,-32.7
"ssp245",2057,-23.8,-35.9,-28.7,-23.2,-22.7,-21.1,-25.3,-23.5,-27.7,-24.7,-16.7,-27.3,-18.7,-19.5,-24.8,-30.7,-21.9,-24.8,-25.9,-35.9
"ssp245",2058,-22.6,-36.6,-20.3,-23.4,-25.6,-22.1,-24.8,-19.7,-28.7,-25.1,-16.9,-26.2,-15.1,-19.8,-23.7,-30.4,-16.7,-25.3,-26.9,-36.6
"ssp245",2059,-22.1,-32.3,-17.3,-23.1,-20.8,-22.4,-19.8,-21,-25.3,-20.3,-15.6,-30.5,-16.6,-18.6,-28.4,-32,-15.5,-26.4,-27.6,-32.3
"ssp245",2060,-25.1,-29,-20.7,-21.4,-21.6,-21.7,-18.7,-21.7,-28.3,-23.2,-20.8,-27.2,-14.8,-16.7,-30.2,-31.3,-16.7,-27.8,-23.3,-31.3
"ssp245",2061,-22.6,-32.5,-24.7,-22.1,-19.9,-20,-20.9,-23.2,-26.9,-24.4,-21.6,-25.7,-15.5,-19.9,-28,-28.6,-16.9,-25.4,-27.8,-32.5
"ssp245",2062,-21.8,-27.2,-26.3,-22.4,-20.6,-19.4,-22.3,-19.5,-28.1,-22.9,-19.5,-25.7,-17.1,-21.1,-29,-31.5,-15.6,-22.5,-26.7,-31.5
"ssp245",2063,-23,-37.1,-21.8,-24.9,-21.5,-19.2,-20.7,-20.8,-24.2,-21.2,-16.3,-24.3,-18.4,-20.3,-28.9,-26.7,-16.4,-27.5,-28.3,-37.1
"ssp245",2064,-21.9,-39.7,-21.9,-24.6,-20.5,-21.1,-22.5,-23.1,-23,-22.9,-17.9,-26.6,-15.8,-19.6,-24.6,-26.7,-19.9,-23.8,-29.1,-39.7
"ssp245",2065,-22.4,-38.8,-18.1,-22.7,-22.1,-20.5,-21.7,-21.7,-24.6,-20.7,-15.3,-26.8,-16.7,-23.1,-22.9,-27.8,-17.3,-24.2,-24,-38.8
"ssp245",2066,-22,-37.5,-20.1,-22.2,-19.4,-20.4,-20.7,-22,-28,-21,-16.9,-23.5,-17.6,-25,-27.3,-31.5,-18.1,-22.4,-25.8,-37.5
"ssp245",2067,-20.4,-34.6,-23.1,-23.3,-23.7,-18.4,-21.2,-22.9,-24.9,-22.6,-23.9,-23.8,-18.5,-21.1,-22.9,-31.6,-19.9,-28.1,-25.8,-34.6
"ssp245",2068,-21.8,-26,-23.4,-22.4,-20.5,-19.8,-22,-22.9,-25.9,-19.4,-16.7,-27.6,-16.8,-20.8,-21.2,-30,-16.5,-21.1,-26.2,-30
"ssp245",2069,-24.9,-30.5,-17.6,-23.7,-21.2,-21.7,-22.8,-21,-26.9,-22.4,-19.6,-26.3,-15.7,-20.8,-25.9,-28,-18.2,-24,-25.3,-30.5
"ssp245",2070,-22.4,-31.7,-20.9,-19.8,-20.7,-19.3,-22.1,-25.8,-25.6,-22.1,-18,-26.8,-13.5,-20.5,-26.2,-27.2,-17.8,-28.2,-22.5,-31.7
"ssp245",2071,-22,-35.2,-25.7,-20.8,-19.1,-19.3,-20,-23.5,-27.6,-20.4,-16.3,-25.1,-15.9,-20.4,-22,-32.8,-16.2,-25.1,-26.8,-35.2
"ssp245",2072,-22,-30.8,-21.9,-24.6,-19,-18.7,-19.7,-22.6,-24.5,-22.3,-16.6,-26.2,-16.9,-17.5,-23.1,-29.2,-17.5,-23.1,-23.4,-30.8
"ssp245",2073,-21.6,-40.6,-18.6,-21.2,-19.4,-20,-20.2,-23,-25.6,-21.1,-19.1,-23.9,-15.7,-19.8,-21.2,-29.9,-19.2,-21.2,-26.7,-40.6
"ssp245",2074,-22.2,-39.9,-16.6,-21,-21.2,-19.6,-22.5,-20.9,-27.9,-21.3,-16,-25.6,-18.5,-20.6,-23.4,-32.8,-24.2,-27,-24.5,-39.9
"ssp245",2075,-20.6,-36.4,-19.5,-21.7,-20.2,-19.7,-18.5,-22.4,-26.5,-19.8,-23.3,-24.9,-17.3,-20.2,-24.2,-31.9,-16.9,-24.6,-25.6,-36.4
"ssp245",2076,-21.2,-27,-23.6,-22.4,-21.1,-20.6,-19.3,-21.5,-25.1,-20.2,-19.8,-24.4,-15.9,-22.9,-24.7,-28.8,-19.3,-25.4,-23.1,-28.8
"ssp245",2077,-21.1,-33.2,-20.5,-20.7,-23.1,-19.9,-21,-23.1,-24.6,-25.3,-17.1,-21.9,-18.3,-21.5,-23.9,-28.6,-17.7,-24.2,-31.1,-33.2
"ssp245",2078,-21,-36.6,-22.8,-23.3,-21.3,-17.3,-17.7,-21.2,-26.1,-22.3,-19.1,-27.1,-14.2,-18.1,-21.6,-28.9,-18.9,-22.4,-24,-36.6
"ssp245",2079,-20.6,-31.8,-25.9,-21.9,-19.5,-18,-18.7,-19.3,-25.3,-19.5,-14.8,-24.7,-15.2,-22.1,-27.4,-26.8,-20.9,-28.1,-23.1,-31.8
"ssp245",2080,-22.1,-31.9,-23.1,-22.2,-18.7,-20.3,-19.9,-25.6,-27.3,-25.1,-21.9,-23.1,-12,-20,-28.5,-28.8,-19.4,-25.2,-26.5,-31.9
"ssp245",2081,-21.8,-38.3,-25.6,-20.1,-21.5,-19.6,-20.6,-23.9,-25.5,-21.1,-18.2,-29.1,-13.3,-22.9,-24,-30.5,-16,-25.1,-24.2,-38.3
"ssp245",2082,-23.3,-29.9,-20.9,-20.7,-23,-19.5,-20.7,-19.3,-25.9,-22.3,-16,-25,-15.7,-17.4,-23.7,-32.4,-15.3,-30.2,-23.4,-32.4
"ssp245",2083,-22.7,-34.8,-19.1,-20,-19.6,-17.8,-20.7,-21.5,-25.1,-18.7,-16.2,-25.1,-16.9,-18.3,-25.7,-31.8,-15.9,-23.1,-26.6,-34.8
"ssp245",2084,-22.4,-33.4,-22.7,-25.3,-18.4,-19.5,-19.6,-21.7,-25.2,-20.6,-15,-26.2,-16.1,-22,-24.1,-29.4,-14.5,-24.7,-25.2,-33.4
"ssp245",2085,-21.4,-35.4,-18.1,-20.7,-23.1,-20.2,-17.2,-21.9,-24.9,-23.4,-16.5,-26.1,-13.8,-18.8,-30.4,-31.2,-15.6,-21,-24.7,-35.4
"ssp245",2086,-24.1,-26,-22.3,-22,-19.8,-22.1,-21.5,-20,-28.8,-19.8,-17.4,-26.4,-13.4,-18,-27.8,-28.3,-15,-22.2,-29,-29
"ssp245",2087,-23.5,-29.9,-17.5,-20.8,-21.5,-19.2,-27.8,-19.2,-28.5,-23.6,-15.1,-23.2,-15.8,-24.5,-25.2,-29.5,-18.6,-28.8,-23,-29.9
"ssp245",2088,-21.3,-27.4,-15,-20.8,-22.1,-19.1,-24.2,-23.8,-23,-21,-14.1,-25.1,-16.9,-21.6,-23.7,-30.6,-18.9,-22.8,-24.6,-30.6
"ssp245",2089,-23.4,-34.7,-17.4,-20.3,-20.5,-18,-19.1,-23.3,-24.3,-21.6,-21.9,-24.8,-16.1,-22.6,-24.8,-30.7,-13.8,-26.5,-25.2,-34.7
"ssp245",2090,-21.4,-32,-19.5,-22.2,-20.9,-20.6,-22.3,-22.9,-28.9,-20.7,-16.1,-25.3,-13.6,-21.4,-24,-30.8,-15.5,-23.3,-26.7,-32
"ssp245",2091,-22.1,-30.9,-24.6,-19.3,-19.5,-18,-21.1,-20.3,-27.5,-20.4,-18.1,-26.3,-13.4,-18,-24.1,-31.3,-15.8,-21.2,-25.7,-31.3
"ssp245",2092,-22.3,-36.9,-15.2,-20.1,-19.5,-20.2,-18.4,-23.2,-24.1,-28.2,-19.9,-24.5,-15.7,-17.5,-28,-30.8,-21.2,-19.7,-25.7,-36.9
"ssp245",2093,-20.2,-40.7,-22.4,-19.4,-21.2,-19.8,-18.6,-25.2,-22.8,-19.1,-18.2,-24.8,-13.1,-18.3,-30,-29.9,-20.3,-25.3,-23.2,-40.7
"ssp245",2094,-21.1,-34.8,-20.2,-22.7,-18.2,-21.2,-20.1,-21.3,-28,-20.1,-21.9,-22.6,-17.7,-20.2,-25.2,-27.2,-19.8,-23.5,-20.8,-34.8
"ssp245",2095,-22.8,-32.2,-20.3,-20.9,-21.7,-19.1,-17.9,-20.6,-25,-17.9,-19.2,-26.6,-13.7,-18.9,-26.2,-27.4,-15.6,-19.2,-24,-32.2
"ssp245",2096,-21.7,-33.6,-22,-20.3,-19.4,-20.6,-19.8,-22.1,-23.2,-23.5,-14.3,-30.7,-13.4,-20.2,-24.8,-30,-17.3,-22,-25.2,-33.6
"ssp245",2097,-22.1,-38,-17.7,-19.6,-20.2,-19.5,-19.2,-21.2,-25.3,-19.4,-16.6,-30.4,-14.8,-17.9,-22,-35.4,-17.1,-19.5,-25.9,-38
"ssp245",2098,-23.1,-35.6,-17.8,-20.7,-18.5,-20.5,-21.6,-19.5,-24.9,-19.5,-21.2,-24,-15.5,-16.7,-24.7,-30.1,-17.8,-22.9,-25.2,-35.6
"ssp245",2099,-20.6,-35.1,-17.8,-21,-18.8,-22.3,-19.9,-20.5,-27.2,-20.5,-15.4,-25,-18.6,-21.9,-25.2,-28.9,-17,-23,-27.1,-35.1
"ssp245",2100,-20.6,-33.6,-22.6,-22.4,-21.2,-17.9,-19.8,-18.2,-25.3,-20.9,-22.5,-24.9,-16.3,-18.7,-26.9,-27.8,-20.7,-27.2,-23.1,-33.6
"ssp370",2015,-26,-34.6,-24.7,-22.5,-21.2,-23.1,-23,-23.8,-30.3,NA,-19.7,-29.8,-18.2,-23.8,-31.6,-32.5,-22.8,NA,-30.3,-34.6
"ssp370",2016,-27,-27.7,-19.8,-27.6,-24.5,-25.6,-24.5,-19.8,-31.1,NA,-26.4,-29.5,-19.8,-26.4,-32.7,-35.8,-19.6,NA,-28.5,-35.8
"ssp370",2017,-27.4,-40.5,-27.9,-26.6,-22.1,-19.9,-25,-24.1,-28.8,NA,-22,-33.4,-17.8,-23.5,-29.3,-32.3,-25.4,NA,-30,-40.5
"ssp370",2018,-26,-35.6,-26.7,-28.4,-23.4,-22,-23.8,-21,-31.1,NA,-26.5,-31.2,-16.1,-22.7,-30.1,-31.9,-23,NA,-35.7,-35.7
"ssp370",2019,-24.9,-28,-25.8,-27.1,-23.4,-21.1,-23,-25.6,-27,NA,-25.1,-27,-17.4,-19.9,-28.6,-34.7,-21.3,NA,-27.2,-34.7
"ssp370",2020,-25.8,-33.5,-25.6,-27.1,-23.4,-20.6,-26.5,-19.8,-28.1,NA,-23.1,-31.9,-15.6,-24.8,-31.3,-34.6,-23.6,NA,-30.9,-34.6
"ssp370",2021,-25.2,-38.4,-25.4,-26.9,-22.1,-22.4,-22.1,-23.6,-26.7,NA,-25.3,-29.2,-17.3,-25,-35.2,-31.3,-20.6,NA,-29.5,-38.4
"ssp370",2022,-25.2,-37.2,-22.8,-24.4,-22,-23.7,-24.6,-21.2,-27,NA,-24.2,-31.4,-15.4,-21.8,-27.6,-33.8,-19.5,NA,-28.5,-37.2
"ssp370",2023,-28.2,-41,-23.9,-25.5,-22.9,-22.8,-27.2,-22.2,-27.2,NA,-24.4,-29.3,-13.2,-22.5,-29.4,-31.5,-25.3,NA,-28.5,-41
"ssp370",2024,-26.1,-40.3,-25.9,-24,-23.2,-23.7,-22.7,-22.2,-27.3,NA,-19.3,-26.4,-15.8,-23.1,-31.3,-33.6,-22.6,NA,-30.9,-40.3
"ssp370",2025,-24.7,-34.4,-23,-26.4,-23.1,-19.4,-24.1,-20.5,-26.8,NA,-23.5,-28.9,-16.1,-23.4,-28.5,-35,-25,NA,-30.3,-35
"ssp370",2026,-24,-34,-24.4,-23.6,-24,-21.4,-23,-23.9,-30.3,NA,-26.5,-28.6,-17.4,-22.6,-31.5,-34,-26.5,NA,-31.8,-34
"ssp370",2027,-24.6,-39.6,-23.3,-26.7,-20.3,-23.3,-20.4,-20.1,-30.4,NA,-23,-31,-19.1,-22.8,-31.6,-32,-23,NA,-29.7,-39.6
"ssp370",2028,-24.7,-33.6,-20.8,-25.6,-25,-24.3,-22.1,-22.4,-27,NA,-24.2,-25,-15.2,-23.8,-27.9,-32.2,-22,NA,-29.5,-33.6
"ssp370",2029,-25.1,-37.7,-23.3,-22.6,-21.8,-19.9,-23.9,-23.2,-28.5,NA,-25.3,-27.6,-18.9,-24.1,-29,-30.9,-22,NA,-28.7,-37.7
"ssp370",2030,-24.2,-37.3,-23.3,-26.5,-23,-21.1,-25.3,-26,-26.1,NA,-21.5,-33.8,-22,-20.9,-29.2,-31.8,-24.7,NA,-26.9,-37.3
"ssp370",2031,-25.9,-35.7,-27,-25,-25.9,-22.9,-25.7,-26.8,-29.4,NA,-27.7,-28.8,-15.2,-23.1,-27.4,-31.6,-27.6,NA,-27.4,-35.7
"ssp370",2032,-24.1,-35.9,-23.9,-26.5,-22.8,-22.1,-20.9,-23.4,-28.6,NA,-20.5,-30.6,-15.9,-24.1,-27.6,-34.9,-21.3,NA,-26.8,-35.9
"ssp370",2033,-23.3,-36.6,-22.4,-22.5,-23.4,-22.7,-25.3,-22.4,-26.5,NA,-29.8,-27.7,-17.2,-22.3,-29.3,-29,-18,NA,-27.1,-36.6
"ssp370",2034,-24.4,-34.2,-23.7,-25.7,-21.9,-18.3,-23.5,-21.4,-27.2,NA,-20.1,-29.9,-20.8,-19.2,-30.2,-29.1,-21,NA,-25.7,-34.2
"ssp370",2035,-25.1,-33.7,-21.2,-22.7,-22.4,-21.7,-22.9,-24,-26.5,NA,-25.2,-29.6,-15.2,-21.3,-31.4,-33.2,-21.5,NA,-27.4,-33.7
"ssp370",2036,-25,-39.6,-19.7,-23,-23.6,-21.5,-26,-23.4,-28.1,NA,-20.2,-34,-14.5,-17,-25.2,-32.7,-23.2,NA,-26,-39.6
"ssp370",2037,-25.1,-32.4,-25.1,-24.7,-20.9,-21.7,-23.5,-19.4,-25.7,NA,-24.7,-29.7,-15.9,-19.8,-29.6,-32.1,-21.8,NA,-27.3,-32.4
"ssp370",2038,-25.2,-36.7,-22.5,-27.6,-23.5,-20.7,-20.5,-23.7,-27.3,NA,-19.5,-31.8,-16.5,-20.9,-27.6,-30.7,-19.4,NA,-28.6,-36.7
"ssp370",2039,-22.5,-33,-24.2,-25.6,-24.7,-20.4,-21.8,-24.9,-27.4,NA,-28.2,-27.1,-19.3,-21.8,-31.7,-33.1,-23.8,NA,-29.9,-33.1
"ssp370",2040,-24.7,-29.6,-18,-24.4,-21.7,-20.1,-22.9,-25.3,-26.4,NA,-19.8,-25.7,-15.6,-19.7,-27.6,-32.6,-20.2,NA,-27,-32.6
"ssp370",2041,-24.2,-24.2,-18.7,-22.4,-21.9,-19.8,-22.9,-23.4,-27,NA,-23.6,-28.5,-15.5,-22.8,-28.8,-29.7,-18.7,NA,-27.4,-29.7
"ssp370",2042,-24.1,-41.9,-20.7,-23.8,-25.4,-19.2,-22.2,-21,-27.7,NA,-22.7,-26.5,-15.8,-23.5,-30.1,-30.3,-20.2,NA,-28.4,-41.9
"ssp370",2043,-24.1,-31.1,-24.9,-24.3,-20.4,-23.1,-21.8,-21.5,-26.4,NA,-21.9,-26.4,-17.4,-21.4,-27.8,-30.1,-21.4,NA,-26.8,-31.1
"ssp370",2044,-24.6,-31.2,-26.5,-27.6,-21.5,-21.4,-22.8,-22.4,-27.8,NA,-23.5,-29.9,-18.3,-22.2,-29.3,-30.7,-27.8,NA,-27.2,-31.2
"ssp370",2045,-24.5,-28.2,-25.9,-24.2,-22.5,-20.1,-20.7,-22,-27.9,NA,-26.8,-28.2,-14.9,-21,-31.7,-31.2,-21.6,NA,-26.7,-31.7
"ssp370",2046,-22.7,-31.9,-20.7,-23.8,-21.8,-22.1,-24.8,-19.2,-27.4,NA,-22.4,-26.8,-14.8,-21.6,-33,-30.6,-23.1,NA,-25.3,-33
"ssp370",2047,-23.1,-39.7,-20.6,-22.1,-21.9,-21.2,-22.4,-18.9,-24,NA,-24.6,-27.4,-15.9,-22.2,-30.5,-32.1,-19.4,NA,-24.4,-39.7
"ssp370",2048,-22.8,-34.4,-23.4,-24.6,-23.2,-19.9,-22.8,-18.9,-23.2,NA,-21.1,-25.4,-19.8,-19.4,-30.2,-28,-23.1,NA,-25.1,-34.4
"ssp370",2049,-25.6,-31.5,-25,-22.8,-21.3,-20.7,-21.9,-20,-25.5,NA,-23.1,-27.5,-17,-22.2,-35.4,-32,-20.1,NA,-28.3,-35.4
"ssp370",2050,-22.6,-35.1,-22,-23.6,-20.6,-22.9,-20.7,-24.7,-27.5,NA,-24.8,-24.9,-16.6,-21.1,-29,-28.6,-21.5,NA,-28.8,-35.1
"ssp370",2051,-23.6,-36.6,-21.2,-23.1,-22.5,-22,-18.2,-22.2,-25.1,NA,-22.7,-29.8,-16.8,-19.8,-27.3,-29.4,-21.8,NA,-30.6,-36.6
"ssp370",2052,-23.7,-33.4,-21.7,-22.8,-20.7,-23.8,-22.5,-21.7,-25.2,NA,-19.1,-28.8,-17.3,-21.3,-25.7,-28.7,-22.2,NA,-28.8,-33.4
"ssp370",2053,-21.8,-26.3,-24.1,-22.4,-22,-23.1,-18.8,-24.7,-25.6,NA,-19.5,-26.4,-17.3,-22.5,-28.1,-29.2,-19.4,NA,-28,-29.2
"ssp370",2054,-22.8,-37.3,-20.3,-20.3,-19.7,-19.3,-19.8,-22.8,-28.1,NA,-20.8,-25.8,-16.2,-17.6,-29.5,-29.5,-19.7,NA,-27,-37.3
"ssp370",2055,-26.6,-32.8,-22.8,-22.6,-21.7,-20.1,-25.7,-20.5,-27.1,NA,-21.8,-27.6,-15.8,-18.3,-29.7,-32.6,-20,NA,-23.6,-32.8
"ssp370",2056,-23.4,-38.1,-21.2,-24.6,-22.6,-22.4,-21.8,-23.2,-27,NA,-19.4,-25.3,-15.5,-19.8,-28.5,-29.6,-16.3,NA,-24.9,-38.1
"ssp370",2057,-22.4,-35.4,-20.6,-23.4,-21.5,-21.1,-23,-21.2,-29.6,NA,-19.7,-25.7,-14.2,-21.7,-27.6,-31.1,-19,NA,-27,-35.4
"ssp370",2058,-22.7,-25.6,-22.3,-25.8,-22.3,-18.7,-20.6,-19.8,-26.7,NA,-19,-27.2,-13.8,-20.6,-24.9,-29.2,-20.3,NA,-24.6,-29.2
"ssp370",2059,-23.3,-39.3,-24.2,-25,-22.5,-20.6,-21.5,-16.3,-30.5,NA,-21.9,-27.7,-14.7,-22.8,-26,-32.6,-24.5,NA,-22.8,-39.3
"ssp370",2060,-23.3,-30.2,-28.4,-20.9,-22.7,-21.9,-22.1,-19.9,-25.8,NA,-19.7,-24.5,-17,-22.5,-24.9,-29.7,-17.1,NA,-25.3,-30.2
"ssp370",2061,-23.2,-34.7,-25.6,-23.1,-22.8,-21.1,-20.7,-20,-24.5,NA,-22,-26,-18.2,-18.8,-28.9,-27.3,-18,NA,-28.8,-34.7
"ssp370",2062,-21.4,-34.4,-26.2,-23.1,-24,-21.2,-21.8,-18.2,-24.9,NA,-18.2,-25.7,-17.5,-20.3,-27.4,-30.2,-21.6,NA,-29.2,-34.4
"ssp370",2063,-21.1,-36.6,-21.6,-21,-21.1,-19.4,-21.4,-23.2,-25.7,NA,-21.8,-30.3,-20.8,-20.2,-25.6,-29.9,-21,NA,-26.9,-36.6
"ssp370",2064,-23.5,-37.6,-20.4,-22.5,-19.9,-17.7,-26.8,-18.1,-24.6,NA,-22.9,-24.6,-17.8,-18.4,-28.4,-31.6,-19.4,NA,-30.6,-37.6
"ssp370",2065,-21.5,-32.7,-20.4,-21,-21.4,-20.1,-26.4,-20.7,-26.3,NA,-23.3,-25,-19.6,-20.2,-30.8,-28.1,-18.5,NA,-25.2,-32.7
"ssp370",2066,-22.3,-33.9,-17.8,-24.6,-19.7,-22.1,-23.5,-24.1,-25.9,NA,-25.5,-24.7,-21.1,-17.4,-28.7,-33.2,-18.2,NA,-26.3,-33.9
"ssp370",2067,-24.4,-26.5,-24.8,-26.2,-20.4,-21.8,-20.3,-20.9,-26.2,NA,-20.8,-24.5,-16.6,-18,-27.8,-33,-19.1,NA,-25.9,-33
"ssp370",2068,-22,-40.9,-25.7,-24.1,-20.2,-20.3,-21.6,-20.7,-28.2,NA,-23,-28.4,-17.7,-18.2,-28.3,-27.8,-20.3,NA,-26.3,-40.9
"ssp370",2069,-25.4,-41.1,-17.7,-19.5,-21.5,-18.1,-22.2,-20,-25,NA,-21.9,-25.4,-17.8,-18.7,-25.3,-28.1,-17.6,NA,-23.2,-41.1
"ssp370",2070,-21.4,-40.1,-22.8,-20.8,-19.6,-21.2,-21.6,-18.1,-26.5,NA,-20,-26.2,-17.7,-17.1,-26,-30.7,-18.4,NA,-20.6,-40.1
"ssp370",2071,-20.9,-32.9,-18.1,-20.2,-19.5,-17.5,-21.4,-17.3,-25,NA,-19.3,-23.8,-14,-17.6,-26.5,-29.1,-19.9,NA,-24.7,-32.9
"ssp370",2072,-19.6,-30.6,-19.7,-22.1,-22.6,-17.3,-19.2,-19.5,-24,NA,-17,-30.8,-18.7,-19.1,-27.1,-29.1,-23.4,NA,-26.8,-30.8
"ssp370",2073,-25,-33.1,-18,-20.8,-19.1,-19.1,-20.1,-20.8,-26.5,NA,-19.9,-27.1,-18.2,-21.5,-24.8,-30.4,-18.1,NA,-26.2,-33.1
"ssp370",2074,-21.2,-30.3,-20,-20.9,-21,-18.8,-20.8,-19.7,-26,NA,-20.2,-22.9,-15.8,-18,-23.5,-29.6,-21.2,NA,-25.4,-30.3
"ssp370",2075,-21.7,-31.8,-24.5,-19.7,-19.9,-17.7,-19.2,-21.6,-24.7,NA,-19.3,-29.5,-14.1,-21.8,-30.2,-29.8,-19.7,NA,-21.6,-31.8
"ssp370",2076,-21.3,-35.3,-24,-21.6,-18.9,-21,-20.8,-22,-25.4,NA,-20.2,-28.7,-15.7,-20.5,-24.1,-28.3,-18.6,NA,-25.3,-35.3
"ssp370",2077,-21,-36.4,-20.9,-23.8,-19.6,-18,-22.8,-20.3,-26.9,NA,-18.2,-25.4,-17.4,-19.8,-26.7,-27.9,-18,NA,-24,-36.4
"ssp370",2078,-18.9,-33.5,-22,-19.6,-20,-19.5,-20.8,-19.2,-24.5,NA,-24.8,-24.5,-16.2,-18,-28.1,-30.6,-17.3,NA,-23.8,-33.5
"ssp370",2079,-20.4,-25.7,-18.7,-17.7,-18.3,-20.9,-22.1,-20,-26.7,NA,-19.2,-24.3,-16.7,-18.2,-26.3,-28.7,-16.9,NA,-24.2,-28.7
"ssp370",2080,-20.4,-36.8,-14.3,-19.5,-17.9,-19.7,-20.3,-19.5,-25.4,NA,-19.3,-24.7,-14.6,-17.3,-26.9,-29.5,-17.8,NA,-26,-36.8
"ssp370",2081,-21,-40,-13.6,-22.5,-20.1,-17.6,-17.3,-22.2,-25.4,NA,-17.7,-23.3,-14.2,-23.5,-26.6,-29.1,-18.5,NA,-23.8,-40
"ssp370",2082,-22.2,-32.1,-16.4,-19.3,-21.1,-20.8,-17.3,-22.2,-24.2,NA,-22.5,-26.1,-16.2,-18.2,-26.9,-26.6,-17.9,NA,-24.1,-32.1
"ssp370",2083,-21.2,-24.7,-17.2,-18.8,-20.8,-15.7,-16.5,-14.5,-26,NA,-22.6,-23.5,-12.1,-17.8,-25.9,-29.9,-23.8,NA,-22.3,-29.9
"ssp370",2084,-19.1,-26.4,-14.4,-22.4,-23.1,-16.3,-19,-20.4,-25.8,NA,-23.8,-22.6,-15.9,-18.2,-22.1,-29.3,-16,NA,-23.2,-29.3
"ssp370",2085,-21.5,-23.1,-17.7,-18.9,-16.5,-15.2,-20.7,-19.9,-25.3,NA,-20.5,-28.9,-12.3,-16.2,-27.4,-26.4,-18.6,NA,-24.8,-28.9
"ssp370",2086,-23.3,-34.2,-24.4,-19.6,-17.4,-16.6,-20.2,-14.8,-23.2,NA,-18.7,-24.1,-14.8,-18.6,-25.4,-31.1,-16.3,NA,-21.6,-34.2
"ssp370",2087,-21.1,-34.9,-22.1,-18.5,-19.2,-17.2,-21.7,-22.3,-24.6,NA,-17.7,-22.4,-16.2,-16.3,-24.5,-31.9,-19.7,NA,-22.3,-34.9
"ssp370",2088,-20.3,-34.6,-27.6,-18,-19.8,-18,-22,-19,-23,NA,-18.1,-30.9,-15.2,-16.4,-25.8,-28.8,-19.6,NA,-18.6,-34.6
"ssp370",2089,-19.6,-35,-23.6,-20.6,-19.9,-17.7,-18.7,-19.7,-22.2,NA,-19.8,-24.1,-11.8,-21.4,-24.8,-30.1,-20.6,NA,-23,-35
"ssp370",2090,-23.4,-27.7,-20.9,-22.5,-19.2,-20.1,-20,-19.3,-26.1,NA,-18.2,-21.6,-16.8,-19.9,-27.4,-27,-21.7,NA,-21.7,-27.7
"ssp370",2091,-21.3,-40.4,-22,-17.6,-16.4,-22,-18.8,-19.8,-29.7,NA,-27.2,-22.4,-18.3,-16.3,-28.3,-27.6,-19.6,NA,-20.6,-40.4
"ssp370",2092,-21.6,-36.8,-18.5,-20.2,-18.2,-17.5,-20.4,-16.2,-26.8,NA,-18.1,-22.1,-13.6,-18.3,-25.5,-28.4,-19.4,NA,-20.7,-36.8
"ssp370",2093,-20.1,-26.5,-21.9,-19,-16.9,-21,-17.6,-19.2,-25.5,NA,-17.9,-24.8,-14.6,-17.3,-29,-29.2,-15.2,NA,-24.2,-29.2
"ssp370",2094,-18.7,-29.7,-13.8,-18.7,-15.6,-18.4,-17.3,-21.4,-23.4,NA,-18.3,-25,-14,-16.1,-30.4,-31.3,-17,NA,-24.7,-31.3
"ssp370",2095,-18.8,-29.9,-13.7,-16.2,-20.1,-18.5,-16.3,-23.9,-26.5,NA,-20.9,-22.9,-14,-14.1,-25,-28.8,-16.1,NA,-21.7,-29.9
"ssp370",2096,-19.1,-26,-17.1,-19.6,-20.3,-16.4,-19.9,-15.5,-25.7,NA,-18.5,-24.6,-15.4,-17.4,-24.3,-27.6,-18,NA,-19.6,-27.6
"ssp370",2097,-19.8,-33.4,-21.1,-19.2,-17.9,-16.2,-16.8,-17.5,-27.1,NA,-16.2,-25.9,-11.2,-15.9,-26.1,-27.9,-17.7,NA,-22.1,-33.4
"ssp370",2098,-20,-33.2,-21.8,-19.1,-16,-17.7,-18.6,-18.1,-22.3,NA,-17.9,-23.9,-14.5,-19.1,-28.6,-27,-16.5,NA,-20.1,-33.2
"ssp370",2099,-22,-28.5,-17.7,-17.2,-18.7,-21.6,-20.7,-19.1,-24.6,NA,-19.3,-22.7,-19,-18,-23.9,-29.8,-21.2,NA,-20.1,-29.8
"ssp370",2100,-18.6,-30.5,-22.1,-17.1,-20.2,-17.7,-19.2,-20,-23.6,NA,-16.7,-21.6,-13.7,-18.1,-26.6,-27.7,-19.7,NA,-24.2,-30.5
"ssp585",2015,-23.6,-39.7,-24,-23.4,-22,-22.2,-25.6,-25.1,-32.8,-30.2,-22.4,-30.6,-18.2,-25.2,-21.3,-29.8,-17,-29.2,-28.5,-39.7
"ssp585",2016,-24.4,-37.1,-30.4,-26.9,-22.1,-20.9,-24.1,-25.9,-28.1,-26.7,-18.7,-29.4,-18.6,-22.8,-24.2,-29.9,-21.4,-22.7,-29.5,-37.1
"ssp585",2017,-25,-45.5,-26.7,-26,-22.6,-22.8,-22.1,-23.1,-30.4,-27.9,-23.9,-27.9,-22.6,-23.5,-25.4,-29.1,-15.9,-23.8,-28.6,-45.5
"ssp585",2018,-24.4,-45.2,-20.2,-27.8,-24.4,-23,-25,-21.4,-29.6,-28.8,-18.8,-31,-21.8,-22.3,-20.8,-27.1,-19.4,-26.5,-29.7,-45.2
"ssp585",2019,-24.2,-39.7,-20.2,-25.7,-23.4,-23,-24.8,-23.2,-30.5,-29.4,-19.5,-29.8,-19.7,-25.7,-26.2,-26.5,-19.7,-25.9,-29,-39.7
"ssp585",2020,-25.3,-43.3,-23.5,-25.2,-22.1,-25,-25,-23.8,-28.2,-30,-20.1,-30.5,-19.4,-24.9,-27.9,-30.4,-21.9,-25.5,-27.8,-43.3
"ssp585",2021,-24.6,-40.4,-24.5,-25.3,-24,-24.4,-23.9,-23.2,-27.7,-24,-18.6,-27.8,-18,-26.2,-25.9,-26.5,-21.3,-27.5,-27.6,-40.4
"ssp585",2022,-24.5,-41.1,-20.5,-25.4,-23.9,-22.4,-21.8,-21.4,-28.3,-26.7,-24,-27.7,-17.2,-24.3,-24.8,-25.9,-18.7,-26.7,-28.8,-41.1
"ssp585",2023,-23.7,-33.4,-20.8,-22.9,-23,-21.4,-22.8,-25,-29.1,-27.4,-19.8,-31.6,-16.3,-22.5,-23,-28,-18.4,-25,-30.7,-33.4
"ssp585",2024,-26.5,-36.5,-20.1,-24,-23.3,-20.3,-23,-23.8,-28.7,-29.4,-18.2,-27.2,-18.3,-24.4,-21.7,-28.5,-15.5,-26,-27.3,-36.5
"ssp585",2025,-23.9,-31.4,-27.1,-24.7,-21,-20.6,-22,-19.5,-30.1,-25.3,-21.2,-30.3,-20.5,-23,-24.5,-26,-17.4,-25.3,-28,-31.4
"ssp585",2026,-24.6,-37.1,-25,-27.7,-21.4,-20.4,-21.8,-17.9,-30.5,-25.5,-17.2,-26.6,-15.5,-22.1,-25.1,-28.2,-21.4,-24.6,-29.5,-37.1
"ssp585",2027,-24.9,-36.9,-18.3,-24.5,-22,-23.2,-25,-21.4,-27.8,-27.5,-24.8,-29.1,-16.9,-27.8,-20,-30.2,-22.5,-26.1,-26.9,-36.9
"ssp585",2028,-25.6,-33.8,-21.2,-25.3,-22.6,-24.1,-21.3,-22.1,-26,-26.2,-16.8,-29.6,-16.6,-24.9,-25.2,-27.6,-19.3,-24.9,-26.2,-33.8
"ssp585",2029,-23.7,-34.7,-17.3,-26.9,-21.4,-22.1,-22.2,-21.3,-26.2,-26.5,-20.4,-30,-18.5,-23.3,-19.7,-26.7,-17.3,-28,-27.1,-34.7
"ssp585",2030,-23.2,-34.9,-21.8,-24.8,-24.1,-23.9,-22.9,-19.8,-27.6,-26,-22,-26.5,-13.7,-27.5,-21.7,-26.8,-17.5,-27.6,-30.6,-34.9
"ssp585",2031,-27.2,-32.8,-23.3,-26.7,-24.7,-21.3,-24,-19.9,-26.6,-29.9,-19.9,-31.4,-17.1,-23.3,-21.2,-28.4,-18,-25.5,-27.7,-32.8
"ssp585",2032,-24.7,-39.8,-19.3,-25.3,-22.8,-22.6,-22.6,-17.7,-27.1,-28.8,-18.9,-27.7,-16.7,-23.8,-20.4,-26.8,-17.5,-23.2,-26.2,-39.8
"ssp585",2033,-24.2,-34.8,-26.4,-24.6,-22.8,-21.2,-23.4,-22.2,-27.1,-28.7,-20,-29.4,-14.1,-23.1,-21.3,-24.2,-19.7,-23.7,-28.7,-34.8
"ssp585",2034,-26.5,-37.3,-20.3,-25.5,-21.1,-23.7,-21.4,-20.9,-28.9,-28.9,-18.7,-25.1,-16.1,-22.1,-24,-27.1,-18.9,-27.8,-27.6,-37.3
"ssp585",2035,-23,-37.4,-20.9,-27.4,-21.6,-20.9,-24.9,-27.5,-29.9,-29.9,-20.8,-26.9,-14.6,-27,-23.2,-37.5,-21.3,-28.9,-29.3,-37.5
"ssp585",2036,-23.9,-27.1,-21.2,-22.6,-22.9,-22.5,-21.2,-19.9,-28.8,-24,-16.6,-28.6,-16.4,-20.7,-29.2,-23.9,-16.7,-25.8,-25.6,-29.2
"ssp585",2037,-23.6,-39.9,-29.2,-22.1,-22.6,-21,-20.2,-19.4,-24.2,-24.7,-17.3,-25.8,-16.5,-24.9,-23.6,-26.6,-20.4,-27.1,-26.6,-39.9
"ssp585",2038,-23.3,-24.5,-30.2,-23.9,-21,-21.4,-24.5,-21.3,-28.6,-25,-19,-24.1,-17.6,-22.7,-25.8,-28.4,-16.8,-24,-29,-30.2
"ssp585",2039,-24.9,-39.5,-28.3,-23.5,-20.8,-18.4,-22.2,-18.8,-26.7,-28,-22,-27.6,-13.4,-22.8,-20.7,-28.5,-16.4,-23.9,-25,-39.5
"ssp585",2040,-22.7,-36.6,-24.5,-26.8,-19.8,-22.4,-23,-18.8,-28,-24.5,-19.2,-32.5,-17.2,-21.8,-23.3,-28.7,-16.8,-20.7,-25,-36.6
"ssp585",2041,-23.5,-32,-24.5,-22.8,-20.9,-22.3,-22.1,-21.4,-25.7,-25.4,-18.6,-25.2,-17.6,-22.5,-22.8,-28.2,-20.4,-34.3,-29.5,-34.3
"ssp585",2042,-22.8,-33.2,-20.9,-27,-19.7,-20.4,-24.3,-19.4,-26.1,-24.6,-16.2,-27.6,-17.1,-20.6,-26.2,-25.4,-17.3,-28.5,-26,-33.2
"ssp585",2043,-24.4,-39.2,-18.6,-23.1,-21.5,-22.5,-21.4,-20.3,-28.3,-25.2,-21,-27.4,-13.7,-24,-20.6,-24.1,-19.9,-26.2,-25.9,-39.2
"ssp585",2044,-23.3,-40.5,-27.2,-23.2,-19.7,-20.3,-21.5,-20.4,-30.9,-23.2,-22.5,-28.6,-14.5,-25,-24.4,-21.8,-14.9,-27.5,-24.4,-40.5
"ssp585",2045,-23.5,-41.2,-23.9,-22.1,-21.2,-21.8,-22.2,-25.6,-27.1,-26.1,-16.9,-30.5,-16.5,-20.8,-29.4,-29.7,-20.5,-24.1,-23.4,-41.2
"ssp585",2046,-21.4,-43.1,-18.4,-19.8,-21.7,-23.8,-25.6,-22.5,-28.7,-26,-15.4,-26.6,-17.4,-20.9,-28.3,-28.9,-17,-22.2,-24.7,-43.1
"ssp585",2047,-22.9,-41,-19.3,-22.9,-18.9,-20.8,-24,-21.7,-31.5,-25.3,-16.2,-28.7,-18.3,-24.8,-19.3,-29.8,-20.4,-25.4,-25.6,-41
"ssp585",2048,-22.6,-32.8,-19.5,-23.3,-21.1,-19.5,-21.1,-21.3,-26.5,-27.2,-17,-23.4,-14.8,-22.7,-20.6,-25,-16.7,-22.5,-28.9,-32.8
"ssp585",2049,-21.1,-33.5,-24.4,-22.6,-22.6,-18.6,-21.5,-21.2,-26.5,-28.6,-19.5,-23.2,-17.6,-21,-20.1,-24.3,-19,-21.7,-25.2,-33.5
"ssp585",2050,-27.3,-29.3,-22.6,-21.4,-21.4,-23.6,-20.3,-18.9,-28.2,-24.5,-17.6,-24.7,-14.5,-22.1,-19.8,-24.2,-18.1,-24.2,-24.8,-29.3
"ssp585",2051,-23.7,-35.8,-19.2,-24,-23.8,-21.1,-19.9,-21.3,-28.4,-24.3,-16.8,-29.3,-14.4,-20.7,-21.2,-27.5,-15.9,-21.7,-24.6,-35.8
"ssp585",2052,-23.9,-40.3,-19.4,-23.1,-18.9,-20.9,-22.4,-17.6,-25.7,-26,-20.9,-29.3,-14.5,-20.9,-20.6,-23.6,-18.2,-25.7,-24.8,-40.3
"ssp585",2053,-22.1,-35.6,-20.4,-22.1,-20.4,-18.9,-20,-20.1,-25.3,-26.1,-18.7,-23.8,-14.7,-23,-28.1,-21.7,-15.8,-24.4,-24.2,-35.6
"ssp585",2054,-22.6,-29.7,-20,-21.8,-19.4,-18.9,-22.5,-21.4,-27.6,-24.1,-15.7,-25.2,-16.8,-21.7,-19.7,-28.4,-18,-23.7,-28.1,-29.7
"ssp585",2055,-23.1,-31.2,-25,-22.6,-18.7,-18.2,-22.4,-18.7,-24.3,-23.5,-16,-22.3,-17.9,-21,-17.4,-30.6,-15.7,-25.6,-26.7,-31.2
"ssp585",2056,-24,-42,-27.1,-20.7,-21.9,-23.6,-20.8,-22.2,-24.8,-27.4,-16.2,-23.7,-17.2,-22.7,-25.3,-30.1,-14.7,-26.5,-28.5,-42
"ssp585",2057,-21.2,-35.5,-20.3,-23.8,-18.9,-19.5,-21.4,-20.7,-26.3,-23.6,-17.8,-28.1,-15.1,-22.3,-25.4,-29,-17.6,-23.6,-24.8,-35.5
"ssp585",2058,-23.2,-31,-16.1,-20.5,-19.5,-20.5,-22.2,-20.9,-23.7,-22.3,-14.9,-25.2,-15.3,-21.2,-23,-25.5,-16.2,-24.6,-23.6,-31
"ssp585",2059,-20.3,-29.1,-23.3,-19.6,-21.9,-18.5,-21.2,-17.9,-27.3,-24.3,-17.7,-24.6,-13.6,-20.4,-21.5,-26.3,-15.3,-23.3,-29.9,-29.9
"ssp585",2060,-24,-30.4,-18.7,-20.7,-19.9,-24,-20.1,-23.9,-25.2,-25.1,-18.5,-21.6,-15.5,-21.7,-22.7,-21.9,-15.6,-24.8,-26.8,-30.4
"ssp585",2061,-21,-34.7,-18.9,-19.8,-17.9,-20.5,-20.7,-18.9,-26.5,-21.5,-17.2,-21.1,-13.5,-22.7,-20.9,-26.1,-15.3,-20,-27,-34.7
"ssp585",2062,-20.8,-34.2,-23.9,-23.1,-20.3,-18.8,-17.3,-19.5,-25.4,-25.2,-15.1,-27.3,-15.4,-19.7,-20.4,-31,-18.9,-21.7,-24.6,-34.2
"ssp585",2063,-21.5,-32.6,-19.2,-22.3,-21.6,-17.1,-19.1,-20.3,-26.7,-26.5,-13.2,-28.6,-16.4,-22.4,-21.8,-30.1,-16.2,-21.7,-25.9,-32.6
"ssp585",2064,-20,-26.9,-19,-19.1,-19.3,-17.8,-22.5,-17.1,-26.6,-19.7,-19.8,-22.6,-17,-21.2,-25.6,-24.7,-17.1,-26.6,-25.6,-26.9
"ssp585",2065,-23.3,-25,-17.2,-19.3,-23,-16.4,-24.3,-19.7,-27.5,-21.9,-19.5,-23.7,-13.6,-24.4,-21.3,-30.1,-14.4,-22.7,-20.2,-30.1
"ssp585",2066,-21,-34,-25.8,-21.2,-22.6,-21.3,-19.2,-17.9,-24.4,-28.5,-15.9,-23.1,-17,-19.3,-23.4,-27.1,-19.5,-23.3,-26.8,-34
"ssp585",2067,-22.4,-27.6,-19,-22.8,-20.5,-20,-18.7,-17.4,-26.1,-23.5,-16,-23.9,-20.1,-20.7,-20.3,-26.7,-22.1,-18.6,-19.5,-27.6
"ssp585",2068,-21.1,-29,-21.5,-18.2,-20.3,-19.9,-20,-20.5,-22.7,-25.4,-19.3,-23.6,-20.3,-21.8,-26.9,-23.9,-14.5,-21,-23.2,-29
"ssp585",2069,-22.4,-35.6,-23.6,-17.9,-19.5,-19.5,-21,-16.9,-25.9,-27.6,-16.7,-21.8,-15,-22.5,-17.2,-24.4,-17.4,-23.3,-20.6,-35.6
"ssp585",2070,-19.4,-40.3,-18.1,-20.1,-18.8,-18.6,-17,-21.1,-27.6,-24.4,-15.7,-23.2,-16.5,-21,-19.6,-29.6,-16.7,-21.3,-24.3,-40.3
"ssp585",2071,-20.7,-28.3,-15.8,-19.6,-19.6,-19.7,-20.1,-16.4,-27.8,-28.4,-17.9,-21.4,-14.7,-20.1,-19.1,-26,-22.1,-24.8,-19.3,-28.4
"ssp585",2072,-19.7,-35.8,-19.9,-17,-19.4,-20.8,-19.9,-20.6,-26.6,-20.5,-16.6,-25.9,-17.6,-25.2,-25.6,-27.2,-18.6,-24.1,-23.9,-35.8
"ssp585",2073,-22.3,-27.7,-15.3,-19.3,-17.7,-15.6,-24.7,-17.8,-29.6,-19.9,-15.9,-22.8,-14.4,-19.7,-23.3,-24.9,-16,-22.5,-25.8,-29.6
"ssp585",2074,-20.9,-31.9,-17.6,-19.1,-19.3,-16.8,-20.8,-20.5,-26.9,-24,-16.4,-22.2,-13.4,-23.2,-22.2,-29.1,-18.3,-18.8,-20.9,-31.9
"ssp585",2075,-19.3,-28.7,-19.1,-17.7,-19.8,-17.7,-18.9,-18,-23.2,-22.6,-14.6,-26.3,-14.5,-17.9,-19.4,-28.6,-14.7,-17.6,-22.5,-28.7
"ssp585",2076,-19.5,-38.6,-15.2,-16.8,-19.2,-17.8,-17.9,-22.9,-25.2,-21.8,-21.8,-23.3,-17.3,-18.7,-23.6,-25.4,-18.2,-20.1,-20.6,-38.6
"ssp585",2077,-20.6,-33.4,-22.2,-16.9,-19.2,-18.7,-18.1,-19.1,-24.1,-21.8,-17,-21.9,-13.8,-19.6,-21.9,-26.9,-16.1,-17.9,-21.9,-33.4
"ssp585",2078,-21,-29.1,-20.8,-17.3,-17.2,-17,-17.7,-17.7,-25.1,-20.7,-20.2,-24.4,-12.4,-19.5,-22.2,-21.5,-17.4,-21.1,-22.7,-29.1
"ssp585",2079,-19.9,-33.5,-17.3,-18.9,-18.7,-19.1,-18.6,-17.1,-24.1,-22.2,-19.1,-24.6,-9.7,-18.3,-15.8,-27.9,-19,-25.6,-20.5,-33.5
"ssp585",2080,-21.8,-28.3,-17.1,-17.9,-20.7,-16.7,-18.1,-17.6,-24,-22.4,-16.5,-20.9,-12.7,-22.1,-24,-29.7,-14.5,-17.9,-19.4,-29.7
"ssp585",2081,-19.9,-28.7,-17.3,-15.9,-19.2,-16.4,-17.4,-15.2,-26.2,-19.8,-17.5,-23,-18.1,-17.8,-26.3,-24.5,-15.1,-22.9,-18.3,-28.7
"ssp585",2082,-19.2,-30.9,-13.5,-16.6,-17.7,-16.5,-22.9,-16.7,-25.1,-21.1,-16.3,-23.8,-14.8,-19.3,-17,-21.9,-13,-19.6,-19.9,-30.9
"ssp585",2083,-17.6,-30.7,-16.6,-18.6,-18.6,-16.8,-18.6,-18.4,-23.4,-20.4,-15.4,-21.9,-10.8,-20,-18,-24.6,-13.3,-23.2,-19.2,-30.7
"ssp585",2084,-18,-27.7,-21.4,-15,-16.5,-16.3,-16.3,-19.4,-24.5,-20.9,-15.4,-21.9,-13.2,-19.1,-22.8,-24.3,-13.1,-22.9,-20,-27.7
"ssp585",2085,-19.3,-35,-25.4,-16.4,-17.5,-16.9,-16.1,-18,-24.6,-21.3,-18,-25.4,-15,-20,-17.2,-22.1,-11.8,-19.3,-19.1,-35
"ssp585",2086,-18.6,-35.1,-17,-20.1,-18,-16.4,-21.6,-12.6,-23.6,-19.3,-16.2,-24.1,-15.1,-19.4,-18.2,-22.1,-15.8,-19.3,-22.9,-35.1
"ssp585",2087,-19.1,-32.4,-18.5,-14.6,-17.2,-17.4,-17.7,-19.6,-25.6,-19.2,-25.6,-21.3,-12.8,-19.8,-19.8,-25.3,-13.8,-22.1,-19.3,-32.4
"ssp585",2088,-18.8,-20,-19.6,-17.6,-15.6,-17.5,-16.3,-17.6,-22.7,-20.6,-15.1,-19.9,-12.3,-19.1,-19.5,-20.3,-14,-20.5,-19.9,-22.7
"ssp585",2089,-18,-28.6,-19.8,-17.9,-17.5,-16.5,-19.7,-18,-22.6,-19.2,-13.8,-20.5,-11.2,-17.5,-21.6,-24.7,-15.1,-19.6,-18.7,-28.6
"ssp585",2090,-17.2,-35.4,-19.7,-15.9,-16.5,-17.5,-19.5,-16,-23,-14.9,-15.7,-21,-11.9,-16.5,-17.9,-21.7,-15.8,-22.2,-20.1,-35.4
"ssp585",2091,-21.5,-25.7,-18.9,-18.6,-17.9,-15.9,-19.8,-19,-32.3,-17.9,-16.2,-16.9,-10.6,-20.2,-21.8,-29.4,-14.5,-25.3,-20.3,-32.3
"ssp585",2092,-18.4,-29.6,-19.7,-15.2,-16.7,-16.5,-16.4,-16.6,-23.7,-20.1,-16.6,-15.7,-11.8,-21.4,-20.2,-27.5,-16.7,-23.7,-17.3,-29.6
"ssp585",2093,-18.3,-25.2,-15.6,-20.3,-16.1,-16.7,-17.8,-16.3,-22.5,-21.6,-13.9,-17.6,-13.3,-20,-27.8,-24.1,-14.3,-21.1,-19.8,-27.8
"ssp585",2094,-19.9,-30.2,-14.1,-16.1,-15,-16.5,-17.7,-16.5,-23,-16.5,-12.5,-18.6,-13.6,-18.3,-22.8,-21.6,-12.5,-20.8,-19.7,-30.2
"ssp585",2095,-18.4,-29.2,-15,-16.9,-17.1,-16.2,-19.3,-14.1,-25.3,-21.2,-16.6,-18.3,-13,-19.6,-21.4,-22.1,-16.8,-22.9,-21.6,-29.2
"ssp585",2096,-18.4,-27.4,-14.7,-14.3,-17.9,-15.9,-18.8,-16.7,-24.3,-16.8,-12.3,-21.9,-15.2,-18.8,-21.5,-24.4,-16.1,-22.9,-18.9,-27.4
"ssp585",2097,-19.5,-29.6,-15.6,-15.5,-15.4,-18.6,-16.6,-15.1,-20.5,-17.1,-16,-19,-13.3,-18.6,-19.6,-20.4,-16.2,-20.7,-19.3,-29.6
"ssp585",2098,-19.1,-29.4,-19.1,-16.7,-16.8,-18.1,-16.9,-14.2,-26.2,-15.6,-12.9,-20.2,-10.4,-20.6,-17.4,-28.2,-13.4,-19.2,-17.3,-29.4
"ssp585",2099,-18.7,-27.6,-14.2,-15.6,-14.7,-14,-17.9,-13.9,-23.3,-17.3,-15.6,-16.9,-10.9,-16.9,-20.4,-25.3,-10.6,-19.3,-19.8,-27.6
"ssp585",2100,-18.6,-34.4,-14.2,-13.8,-15.5,-16.8,-19.4,-14.2,-24.5,-17.2,-15.6,-15.6,-9.1,-16.4,-19.2,-21.6,-16.3,-22.6,-18.5,-34.4
